8564
8564
8564
8564
8564
8564
8564
8564
8564
8564
8564
8564
8564
8564
8564
8564
8564
8564
8564
8564
8564
8564
8564
8564
8564
8564
8564
8564
8564
8564
8564
8564
8564
8564
8564
8564
8564
8564
8564
8564
8564
8564
8564
8564
8564
8564
8564
8564
8564
8564
8564
8564
8564
8564
8564
8564
8564
8564
8564
8564
8564
8564
8564
8564
8564
8564
8564
8564
8564
8564
8564
8564
8564
8564
8564
8564
8564
8564
8564
8564
8564
8564
8564
8564
8564
8564
8564
8564
8564
8564
8564
8564
8564
8564
8564
8564
8564
8564
8564
8564
8564
8564
8564
8564
8564
8564
8564
8564
8564
8564
8564
8564
8564
8564
8564
8564
8564
8564
8564
8564
8564
8564
8564
8564
8564
8564
8564
8564
8564
8564
8564
8564
8564
8564
8564
8564
8564
8564
8564
8564
8564
8564
8564
8564
8564
8564
8564
8564
8564
8564
8564
8564
8564
8564
8564
8564
8564
8564
8564
8564
8564
8564
8564
8564
8564
8564
8564
8564
8564
8564
8564
8564
8564
8564
8564
8564
8564
8564
8564
8564
8564
8564
8564
8564
8564
8564
8564
8564
8564
8564
8564
8564
8564
8564
8564
8564
8564
8564
8564
8564
8564
8564
8564
8564
8564
8564
8564
8564
8564
8564
8564
8564
8564
8564
8564
8564
8564
8564
8564
8564
8564
8564
8564
8564
8564
8564
8564
8564
8564
8564
8564
8564
8564
8564
8564
8564
8564
8564
8564
8564
8564
8564
8564
8564
8564
8564
8564
8564
8564
8564
8564
8564
8564
8564
8564
8564
8564
8564
8564
8564
8564
8564
8564
8564
8564
8564
8564
8564
8564
8564
8564
8564
8564
8564
8564
8564
8564
8564
8564
8564
8564
8564
8564
8564
8564
8564
8564
8564
8564
8564
8564
8564
8564
8564
8564
8564
8564
8564
8564
8564
8564
8564
8564
8564
8564
8564
8564
8564
8564
8564
8564
8564
8564
8564
8564
8564
8564
8564
8564
8564
8564
8564
8564
8564
8564
8564
8564
8564
8564
8564
8564
8564
8564
8564
8564
8564
8564
8564
8564
8564
8564
8564
8564
8564
8564
8564
8564
8564
8564
8564
8564
8564
8564
8564
8564
8564
8564
8564
8564
8564
8564
8564
8564
8564
8564
8564
8564
8564
8564
8564
8564
8564
8564
8564
8564
8564
8564
8564
8564
8564
8564
8564
8564
8564
8564
8564
8564
8564
8564
8564
8564
8564
8564
8564
8564
8564
8564
8564
8564
8564
8564
8564
8564
8564
8564
8564
8564
8564
8564
8564
8564
8564
8564
8564
8564
8564
8564
8564
8564
8564
8564
8564
8564
8564
8564
8564
8564
8564
8564
8564
8564
8564
8564
8564
8564
8564
8564
8564
8564
8564
8564
8564
8564
8564
8564
8564
8564
8564
8564
8564
8564
8564
8564
8564
8564
8564
8564
8564
8564
8564
8564
8564
8564
8564
8564
8564
8564
8564
8564
8564
8564
8564
8564
8564
8564
8564
8564
8564
8564
8564
8564
8564
8564
8564
8564
8564
8564
8564
8564
8564
8564
8564
8564
8564
8564
8564
8564
8564
8564
8564
8564
8564
8564
8564
8564
8564
8564
8564
8564
8564
8564
8564
8564
8564
8564
8564
8564
8564
8564
8564
8564
8564
8564
8564
8564
8564
8564
8564
8564
8564
8564
8564
8564
8564
8564
8564
8564
8564
8564
8564
8564
8564
8564
8564
8564
8564
8564
8564
8564
8564
8564
8564
8564
8564
8564
8564
8564
8564
8564
8564
8564
8564
8564
8564
8564
8564
8564
8564
8564
8564
8564
8564
8564
8564
8564
3502
8564
8564
8564
8564
8564
8564
8564
8564
8564
8564
8564
8564
8564
8564
8564
8564
8564
8564
8564
8564
8564
8564
8564
8564
8564
8564
8564
8564
8564
8564
8564
8564
8564
8564
8564
8564
8564
8564
3502
8564
8564
8564
8564
3502
3502
8564
8564
3502
3502
8564
8564
8564
8564
8564
8564
8564
8564
8564
8564
8564
8564
8564
8564
8564
8564
8564
3502
3502
8564
8564
8564
8564
8564
8564
8564
8564
8564
8564
8564
8564
8564
8564
8564
8564
8564
8564
8564
8564
8564
8564
8564
8564
8564
8564
8564
8564
8564
8564
8564
8564
8564
8564
8564
8564
8564
8564
8564
8564
8564
279
204
231
216
826
8564
2298
8564
3776
315
8564
3837
263
8564
8564
2298
8564
4846
257
8564
231
263
8564
8564
1065
8564
826
2298
8564
8564
2298
8564
8564
257
8564
8564
2298
8564
4739
263
8564
5012
315
8564
8564
2298
8564
4972
257
8564
8564
263
8564
4783
257
8564
8564
257
8564
8564
257
8564
8564
497
8564
8564
257
8564
8564
257
8564
3776
315
8564
8564
257
8564
8564
8564
8564
5012
315
8564
8564
2298
8564
3732
2298
8564
8564
315
8564
824
257
8564
4972
257
8564
824
257
8564
8564
257
8564
8564
257
8564
8564
315
8564
8564
257
8564
8564
257
8564
8564
8564
8564
8564
2298
8564
8564
257
8564
8564
257
8564
8564
315
8564
8564
2298
8564
4783
257
8564
8564
257
8564
8564
263
8564
8564
257
8564
8564
257
8564
4783
257
8564
8564
3807
8564
8564
257
8564
4783
257
8564
8564
257
8564
4846
257
8564
8564
2298
8564
8564
3807
8564
8564
257
8564
3732
2298
8564
8564
315
8564
3732
2298
8564
8564
2298
8564
8564
3807
8564
4846
257
8564
8564
2298
8564
8564
2298
8564
8564
8564
8564
8564
257
8564
8564
257
8564
8564
257
8564
8564
257
8564
8564
2298
8564
8564
3807
8564
8564
2298
8564
8564
257
8564
8564
257
8564
8564
257
8564
8564
2298
8564
8564
3807
8564
8564
257
8564
8564
2298
8564
8564
257
8564
8564
257
8564
8564
8564
8564
8564
257
8564
8564
3807
8564
8564
257
8564
4923
315
8564
8564
2298
8564
4783
257
8564
8564
3807
8564
8564
263
8564
8564
257
8564
8564
257
8564
8564
8564
8564
8564
8564
8564
8564
315
8564
8564
257
8564
657
315
8564
215
263
8564
5012
315
8564
8564
257
8564
8564
257
8564
8564
257
8564
4739
263
8564
8564
257
8564
8564
2298
8564
8564
257
8564
3776
315
8564
657
315
8564
4783
257
8564
8564
8564
8564
8564
257
8564
824
257
8564
8564
8564
8564
231
263
8564
8564
1345
8564
8564
4739
253
4739
2298
8564
8564
194
2156
8564
8564
826
232
8564
8564
8564
3604
8564
8564
8564
8564
8564
234
8564
204
8564
8564
8564
8564
204
8564
420
8564
8564
8564
204
8564
216
826
8564
2298
2298
8564
826
2298
8564
8564
8564
8564
8564
8564
8564
8564
8564
1137
505
8564
1194
8564
2298
8564
8564
8564
8564
8564
8564
8564
8564
1345
8564
8564
8564
8564
8564
8564
8564
8564
8564
8564
8564
8564
8564
8564
8564
8564
8564
8564
192
420
1950
8564
8564
1209
8564
8564
8564
8564
8564
8564
216
8564
8564
8564
8564
216
8564
8564
8564
567
194
567
8564
8564
8564
8564
8564
8564
216
8564
8564
8564
8564
8564
8564
192
8564
8564
8564
8564
8564
8564
216
8564
8564
8564
8564
8564
8564
420
192
8564
194
8564
8564
8564
8564
8564
8564
8564
8564
8564
8564
8564
8564
8564
216
194
198
204
198
8564
204
826
8564
8564
8564
8564
8564
216
8564
500
8564
8564
8564
216
8564
500
8564
8564
8564
216
8564
500
8564
194
198
8564
8564
8564
8564
8564
204
8564
500
8564
8564
8564
8564
8564
216
8564
500
8564
8564
8564
216
8564
8564
8564
8564
216
8564
8564
8564
8564
216
8564
8564
8564
8564
216
8564
8564
8564
216
8564
8564
8564
8564
216
8564
8564
8564
216
8564
8564
8564
8564
8564
8564
216
8564
279
204
567
8564
198
204
8564
279
204
194
765
198
756
8564
8564
8564
8564
8564
8564
204
194
765
198
756
8564
8564
8564
8564
8564
8564
204
194
765
756
8564
8564
8564
204
252
8564
8564
1137
619
1950
8564
567
8564
513
198
8564
204
279
8564
204
188
420
3732
279
8564
204
8564
279
8564
204
8564
198
204
8564
500
201
8564
8564
204
824
8564
8564
204
8564
420
1950
8564
8564
216
8564
8564
567
8564
198
8564
8564
204
8564
8564
216
8564
1950
3837
279
8564
8564
204
8564
279
8564
204
8564
8564
194
198
8564
204
826
216
279
8564
8564
204
826
8564
216
8564
1950
8564
3604
8564
500
8564
279
8564
8564
204
8564
198
8564
204
8564
500
8564
252
1137
420
619
1950
8564
8564
500
8564
527
232
8564
500
8564
500
8564
527
232
8564
500
8564
188
8564
500
8564
527
232
527
232
8564
500
8564
527
232
8564
8564
8564
8564
1950
3837
8564
8564
221
3837
8564
8564
8564
8564
8564
3837
8564
8564
8564
2298
8564
8564
8564
8564
1209
194
8564
1950
3837
8564
8564
221
3837
8564
8564
8564
8564
8564
3837
8564
8564
8564
8564
8564
8564
8564
1480
8564
8564
2298
8564
8564
8564
8564
8564
8564
8564
8564
8564
8564
420
8564
8564
8564
8564
216
420
420
1950
8564
977
586
619
8564
8564
216
8564
8564
420
420
8564
8564
8564
8564
216
8564
8564
8564
8564
420
1015
8564
198
8564
204
420
1950
8564
279
8564
204
1950
8564
279
8564
8564
8564
204
8564
252
619
8564
189
204
8564
826
8564
216
420
8564
619
8564
189
204
8564
826
8564
8564
216
619
8564
619
8564
189
204
8564
826
567
8564
8564
216
8564
500
8564
216
8564
8564
8564
8564
8564
216
420
8564
8564
216
8564
1015
8564
198
8564
204
420
1950
8564
279
8564
204
420
1950
8564
279
204
8564
252
513
8564
420
1950
8564
827
619
420
1950
8564
8564
8564
8564
420
8564
8564
8564
420
8564
8564
8564
8564
8564
8564
8564
198
204
513
630
204
188
8564
8564
4024
1137
619
567
8564
724
234
204
8564
420
8564
675
619
567
8564
1950
8564
279
204
420
8564
420
567
8564
216
420
1950
8564
279
204
420
1950
8564
279
204
8564
1137
619
1950
8564
1950
8564
279
8564
612
420
1015
8564
420
1950
8564
8564
420
1015
8564
420
8564
216
8564
8564
619
567
8564
8564
1137
8564
619
420
8564
8564
8564
8564
8564
8564
2298
8564
8564
8564
8564
8564
8564
188
756
204
914
2298
198
8564
204
8564
1950
3837
8564
8564
221
3837
8564
8564
8564
8564
8564
3837
8564
8564
8564
2298
198
8564
204
826
527
232
826
527
232
826
527
232
8564
8564
8564
8564
8564
8564
8564
8564
8564
8564
8564
8564
8564
8564
8564
8564
8564
8564
8564
8564
8564
8564
8564
8564
8564
8564
8564
8564
8564
8564
8564
8564
8564
1137
619
1015
8564
198
8564
204
420
1950
8564
279
204
1137
8564
252
420
332
190
1137
420
619
8564
8564
216
8564
420
332
8564
204
8564
567
8564
724
234
420
8564
8564
8564
204
420
567
8564
8564
234
8564
8564
204
420
567
8564
8564
234
8564
8564
8564
204
8564
8564
8564
420
189
8564
8564
204
1950
8564
8564
8564
8564
216
8564
1950
8564
8564
8564
216
8564
8564
420
420
540
8564
8564
8564
8564
204
8564
8564
8564
8564
8564
619
1015
8564
513
630
8564
8564
204
188
8564
8564
4024
1137
619
567
8564
724
234
8564
8564
204
194
198
8564
204
8564
8564
619
1015
8564
188
8564
216
8564
1950
8564
8564
198
8564
8564
204
8564
279
8564
8564
204
8564
567
8564
234
8564
204
8564
500
8564
216
8564
420
619
8564
8564
216
8564
8564
1950
8564
279
8564
204
420
420
540
8564
8564
8564
8564
204
420
1950
8564
279
204
8564
8564
8564
8564
8564
567
8564
234
204
1352
8564
567
8564
500
3732
1352
216
1352
420
8564
216
194
198
204
8564
216
8564
8564
8564
8564
216
8564
189
8564
8564
204
8564
1137
420
193
1950
8564
8564
8564
8564
8564
216
8564
500
8564
216
8564
1950
8564
8564
8564
8564
216
8564
8564
8564
420
420
279
8564
8564
8564
8564
8564
8564
204
8564
8564
8564
8564
8564
8564
619
1950
8564
279
8564
8564
8564
204
194
198
8564
204
8564
8564
619
1950
8564
8564
216
8564
1950
8564
8564
198
8564
8564
8564
204
8564
279
8564
8564
8564
204
8564
567
8564
234
8564
8564
204
8564
198
8564
204
1950
8564
279
204
8564
8564
567
8564
234
8564
204
8564
500
8564
216
8564
192
1950
8564
216
8564
8564
420
1950
8564
567
8564
234
8564
204
8564
500
3732
8564
216
8564
2298
8564
8564
8564
8564
8564
8564
8564
8564
8564
8564
8564
8564
8564
8564
8564
8564
8564
8564
8564
8564
8564
8564
8564
8564
8564
8564
8564
8564
8564
826
8564
8564
8564
8564
8564
8564
8564
8564
1047
234
424
8564
204
8564
8564
500
8564
216
500
279
8564
500
190
500
8564
1950
8564
8564
8564
8564
8564
8564
1047
234
424
204
8564
8564
500
3732
216
8564
8564
420
1015
8564
547
8564
8564
198
8564
8564
204
252
1015
8564
188
198
8564
8564
8564
8564
8564
8564
8564
8564
8564
8564
8564
204
8564
8564
8564
8564
8564
1137
619
420
1950
8564
279
8564
8564
8564
8564
8564
204
8564
8564
8564
8564
8564
1137
420
619
194
198
8564
8564
8564
8564
8564
204
8564
8564
420
1950
8564
279
8564
8564
8564
204
420
1950
8564
279
8564
8564
8564
8564
8564
8564
204
640
8564
8564
8564
8564
216
8564
540
8564
8564
8564
204
8564
1015
8564
420
420
198
8564
8564
8564
8564
8564
204
420
1950
8564
279
8564
8564
8564
8564
8564
204
420
189
8564
8564
8564
204
420
8564
8564
216
420
420
540
8564
8564
8564
8564
8564
204
8564
8564
420
1015
8564
198
8564
204
420
1950
8564
279
8564
204
1950
8564
279
8564
8564
8564
204
8564
8564
8564
8564
8564
8564
216
8564
8564
8564
193
1137
505
505
506
1137
619
1950
194
8564
420
8564
252
332
8564
204
8564
1137
1137
619
1015
8564
188
198
8564
8564
8564
8564
8564
8564
8564
8564
8564
8564
8564
204
198
8564
8564
204
8564
216
8564
8564
204
8564
8564
8564
8564
234
8564
8564
198
424
204
8564
8564
8564
8564
500
3732
8564
216
8564
8564
8564
8564
8564
8564
1950
8564
8564
8564
2298
8564
8564
8564
8564
8564
8564
8564
8564
8564
8564
8564
8564
8564
8564
8564
8564
8564
8564
8564
3722
567
8564
8564
500
201
8564
204
8564
234
8564
204
8564
279
8564
8564
8564
8564
204
8564
8564
500
8564
8564
216
8564
8564
8564
8564
216
8564
8564
567
8564
252
630
8564
8564
8564
204
8564
8564
8564
420
567
8564
633
640
4620
4804
687
8564
586
190
609
619
640
8564
8564
8564
8564
4978
1015
8564
420
1015
8564
198
198
8564
8564
8564
8564
8564
8564
8564
8564
8564
204
8564
8564
8564
8564
8564
8564
8564
216
8564
8564
8564
619
567
8564
420
1015
8564
198
8564
8564
234
204
204
8564
420
1950
8564
194
1015
8564
8564
216
8564
204
8564
8564
420
567
8564
8564
198
8564
204
8564
8564
681
234
8564
8564
204
500
425
8564
204
420
1950
8564
1015
8564
8564
216
8564
567
8564
234
8564
204
420
8564
279
8564
8564
8564
204
1950
8564
279
8564
8564
8564
8564
8564
8564
8564
8564
204
1950
8564
961
420
8564
8564
8564
1171
641
279
8564
8564
8564
8564
8564
8564
8564
8564
204
1950
8564
420
1950
8564
279
279
8564
8564
8564
8564
8564
204
279
279
8564
8564
8564
8564
8564
8564
8564
8564
8564
204
1950
8564
961
420
1015
8564
883
188
641
279
8564
8564
8564
8564
204
961
883
188
641
279
8564
8564
8564
8564
8564
8564
8564
8564
204
1950
8564
420
1950
8564
279
279
8564
8564
8564
8564
8564
204
279
279
8564
8564
8564
8564
8564
8564
8564
8564
8564
204
279
204
8564
567
8564
216
8564
8564
8564
8564
201
8564
204
500
8564
8564
8564
216
279
204
8564
567
8564
216
8564
8564
8564
8564
500
8564
216
279
8564
8564
204
8564
567
8564
8564
8564
216
279
8564
8564
204
8564
567
8564
8564
8564
216
8564
8564
8564
567
8564
8564
8564
216
8564
8564
8564
216
697
234
8564
8564
204
8564
2298
8564
279
8564
8564
500
190
279
204
8564
567
8564
216
8564
8564
8564
252
2298
8564
8564
8564
8564
8564
8564
8564
8564
1345
8564
1345
8564
8564
8564
1345
8564
8564
1345
8564
8564
826
826
8564
8564
8564
8564
500
8564
279
8564
8564
500
190
1950
8564
8564
8564
8564
198
204
252
8564
8564
8564
8564
216
8564
333
192
332
8564
8564
8564
204
8564
8564
8564
473
619
1015
8564
513
630
8564
204
188
8564
8564
4024
1137
619
567
8564
724
234
8564
204
420
1950
8564
279
8564
8564
204
194
513
188
513
1137
619
1015
8564
8564
216
198
8564
8564
204
188
1950
8564
8564
8564
216
8564
8564
1137
619
1015
8564
188
473
619
1015
8564
188
3732
420
540
8564
8564
204
1352
8564
198
204
252
8564
8564
8564
216
8564
8564
8564
8564
216
8564
333
192
189
8564
8564
204
8564
8564
473
619
1015
8564
513
630
8564
204
188
8564
8564
4024
1137
619
567
8564
724
234
8564
204
420
1950
8564
279
8564
204
188
513
194
1137
619
1015
8564
8564
216
198
204
188
1950
8564
8564
216
8564
8564
1137
619
1015
8564
188
473
619
420
1950
8564
567
8564
500
8564
8564
1015
8564
188
3732
1352
3732
1352
8564
420
540
8564
8564
204
8564
198
204
252
8564
420
8564
8564
216
8564
333
192
332
8564
8564
204
8564
8564
473
619
1950
8564
279
8564
204
420
192
194
1137
192
619
1015
8564
8564
216
194
198
204
1950
8564
1137
505
8564
216
1352
8564
420
540
8564
204
8564
8564
1137
619
1015
8564
188
473
619
420
1950
8564
279
8564
204
567
8564
500
8564
216
8564
8564
420
1950
8564
3732
8564
279
204
8564
1352
567
4972
252
8564
216
8564
1950
3837
8564
8564
8564
8564
8564
8564
192
473
619
1015
8564
192
473
619
1015
8564
765
188
2298
8564
8564
8564
8564
8564
192
192
473
420
619
1950
8564
473
619
1950
8564
567
567
4846
252
2298
8564
8564
279
8564
8564
500
190
567
8564
8564
8564
8564
8564
8564
8564
8564
252
2298
8564
8564
8564
8564
420
8564
216
8564
420
567
8564
724
234
420
8564
8564
204
420
8564
216
8564
420
567
8564
724
234
420
8564
8564
204
420
1015
8564
513
630
204
188
8564
8564
4024
1137
619
567
8564
724
234
204
420
1015
8564
513
630
204
188
1137
619
567
8564
724
234
8564
204
1950
8564
279
8564
204
1950
8564
279
8564
204
567
567
4846
252
2298
660
192
8564
216
8564
2298
8564
567
8564
500
420
201
190
567
8564
198
609
619
567
8564
2298
8564
8564
8564
8564
8564
8564
8564
8564
8564
8564
8564
8564
8564
8564
8564
8564
8564
8564
8564
8564
8564
8564
8564
8564
8564
8564
8564
8564
8564
8564
8564
8564
8564
8564
8564
8564
1345
8564
8564
8564
1345
8564
3722
8564
8564
8564
8564
8564
8564
8564
8564
8564
8564
8564
8564
1345
8564
8564
8564
8564
8564
8564
8564
8564
8564
8564
8564
8564
8564
8564
8564
8564
8564
8564
8564
8564
8564
8564
8564
8564
8564
8564
8564
8564
8564
8564
8564
8564
8564
8564
8564
8564
8564
8564
8564
8564
8564
1345
8564
8564
8564
8564
8564
8564
8564
8564
1345
8564
8564
8564
8564
8564
8564
8564
8564
8564
8564
8564
1345
8564
8564
8564
8564
8564
8564
8564
8564
8564
8564
8564
8564
1345
8564
1345
8564
8564
8564
8564
8564
8564
8564
8564
8564
1345
8564
8564
198
8564
204
8564
1209
1209
1209
8564
8564
8564
8564
8564
8564
8564
8564
8564
1209
8564
961
403
8564
8564
8564
8564
8564
8564
8564
8564
8564
8564
8564
8564
8564
8564
8564
8564
8564
8564
8564
8564
8564
204
8564
8564
8564
8564
8564
8564
8564
8564
8564
8564
403
8564
8564
8564
8564
8564
8564
8564
8564
8564
204
1137
403
8564
487
194
564
513
8564
417
8564
8564
8564
8564
8564
8564
8564
8564
8564
204
8564
8564
8564
1209
193
4687
1950
194
513
564
8564
1137
640
192
619
1950
1950
564
8564
1137
619
1950
1950
564
8564
540
204
3837
216
8564
198
8564
204
192
1137
1137
619
192
619
619
1137
505
640
1020
8564
8564
8564
8564
8564
8564
8564
8564
8564
8564
8564
8564
8564
8564
8564
8564
8564
8564
8564
204
8564
8564
8564
8564
8564
8564
8564
8564
8564
8564
8564
8564
293
8564
871
1137
505
505
640
619
8564
8564
8564
8564
8564
8564
8564
8564
216
8564
8564
216
8564
8564
8564
8564
8564
8564
8564
8564
8564
198
8564
204
194
198
8564
8564
8564
8564
8564
8564
8564
8564
204
8564
1137
505
8564
567
8564
234
8564
204
8564
198
8564
204
188
8564
8564
8564
216
8564
198
8564
204
192
826
194
8564
8564
8564
8564
216
1013
8564
8564
756
204
630
8564
204
8564
192
8564
567
8564
697
8564
216
8564
8564
198
8564
204
8564
8564
8564
8564
194
630
1137
8564
1950
8564
8564
567
8564
8564
8564
8564
8564
8564
192
506
194
630
8564
8564
8564
8564
204
8564
8564
198
8564
8564
204
8564
506
194
630
8564
8564
8564
8564
204
8564
8564
8564
192
8564
567
8564
194
1011
412
8564
8564
204
8564
567
8564
1013
4637
204
8564
198
8564
8564
204
513
198
757
188
8564
8564
8564
8564
420
8564
8564
8564
420
8564
8564
420
8564
8564
8564
8564
8564
8564
8564
8564
8564
8564
8564
8564
8564
8564
8564
8564
8564
216
8564
8564
192
194
198
8564
8564
8564
8564
8564
8564
8564
8564
8564
204
820
192
8564
8564
216
8564
8564
216
8564
8564
192
1191
8564
8564
8564
8564
204
8564
8564
567
8564
697
234
8564
8564
204
8564
8564
1137
505
8564
567
8564
697
820
1137
619
8564
8564
8564
8564
8190
8564
1552
4645
192
279
204
1137
619
8564
8564
8564
420
8564
8564
8564
8564
216
8564
198
8564
204
630
8564
204
188
333
567
8564
697
8564
216
8564
198
204
8564
8564
8564
8564
8564
8564
198
8564
8564
8564
8564
8564
8564
8564
8564
204
756
204
8564
192
8564
8564
8564
8564
8564
8564
8564
8564
216
420
8564
8564
8564
8564
8564
8564
216
820
192
8564
8564
8564
8564
8190
8564
8564
8564
8564
8564
198
8564
8564
8564
8564
204
8564
8564
640
192
8564
194
8564
8564
8564
8564
8564
8564
8564
826
194
198
204
8564
8564
8564
216
8564
8564
194
198
204
198
8564
8564
8564
8564
204
8564
8564
216
540
204
1950
3837
216
8564
8564
417
204
1209
8564
8564
8564
8564
216
8564
8564
8564
8564
194
198
8564
8564
8564
8564
8564
8564
8564
8564
8564
8564
204
192
8564
8564
8564
8564
8564
8564
8564
8564
8564
8564
8564
8564
8564
8564
216
198
8564
8564
8564
8564
8564
8564
8564
8564
8564
8564
8564
8564
8564
8564
204
8564
8564
8564
8564
8564
8564
8564
8564
8564
8564
8564
216
192
8564
8564
8564
216
8564
8564
8564
8564
1137
505
8564
567
8564
4637
204
681
234
8564
8564
204
1013
8564
567
8564
234
4637
8564
8564
8564
204
540
8564
8564
8564
8564
8564
8564
8564
204
8564
8564
8564
420
8564
8564
8564
8564
8564
8564
567
8564
697
1950
1950
8564
420
8564
8564
4940
8564
198
8564
204
420
420
8564
8564
8564
8564
8564
216
8564
8564
189
8564
204
8564
8564
8564
4940
8564
8564
420
189
8564
204
697
8564
8564
420
8564
8564
8564
8564
8564
8564
8564
8564
8564
8564
8564
8190
8564
8564
8564
420
8564
8564
8564
420
8564
8564
8564
8564
8564
8564
8564
198
8564
8564
8564
8564
8564
8564
8564
8564
8564
8564
204
1950
8564
8564
8564
216
4803
505
8564
8564
8564
1171
8564
640
192
4108
8564
1552
279
8564
8564
8564
8564
204
1191
487
1137
193
8564
8564
216
8564
8564
420
8564
192
8564
8564
8564
193
1137
619
8564
8564
4940
8564
567
8564
697
1191
1137
8564
1950
8564
8564
567
8564
1950
8564
8564
8564
8564
8564
420
343
540
8564
8564
8564
8564
8564
8564
204
826
194
198
8564
8564
8564
8564
8564
8564
8564
8564
8564
204
8564
420
1950
8564
420
8564
1137
505
194
198
8564
8564
8564
8564
8564
8564
8564
8564
8564
204
826
8564
8564
216
8564
216
1950
8564
194
8564
8564
8564
216
420
1950
8564
3732
1137
505
8564
8564
8564
8564
8190
8564
8564
8564
216
1950
8564
3732
8564
216
1950
8564
3732
8564
216
420
1950
8564
8190
8564
8564
8564
216
420
192
8564
420
1950
8564
1950
8564
420
1950
8564
3732
279
204
8564
500
8564
420
1950
8564
8564
8564
8564
8564
8564
8564
216
420
1950
8564
1950
8564
420
1950
8564
8564
8190
8564
8564
8564
216
1950
8564
3732
8190
8564
8564
8564
216
420
420
1950
8564
3732
8564
216
1950
8564
8564
1137
505
8564
8564
216
8564
8564
8190
8564
8564
8564
216
1950
8564
8564
420
3732
1137
505
420
8564
8564
8564
8564
8190
8564
8564
8564
216
826
8564
8564
216
826
420
1015
8564
252
1137
8564
1950
8564
8564
1137
505
1950
8564
8564
252
1137
8564
1950
8564
8564
8564
216
420
1950
8564
8190
8564
8564
8564
216
192
8564
1950
8564
567
8564
198
204
8564
198
204
8564
500
8564
8564
8564
1950
3837
216
1137
619
8564
8564
8564
619
8564
8564
8564
8564
8564
193
193
8564
198
8564
204
1137
1137
193
193
8564
8564
4940
8564
8564
8564
8564
8564
8564
8564
216
420
1950
8564
1950
8564
1950
8564
8564
8564
420
8564
8564
8564
8564
8190
8564
8564
8564
216
420
1950
8564
8564
8564
8564
216
420
420
1950
8564
420
1015
8564
8564
8564
8564
216
8564
8564
8564
1950
8564
8564
8564
216
8564
1137
505
8190
8564
8564
8564
216
8564
216
8564
8564
1137
505
8190
8564
1015
8564
420
1015
8564
8564
8564
216
8564
8564
8564
216
1137
505
8564
8564
216
8564
1950
8564
567
8564
194
198
8564
8564
8564
204
8564
198
8564
8564
8564
204
8564
420
567
8564
8564
8564
216
8564
8564
192
8564
194
8564
8564
613
420
1950
8564
1950
8564
567
567
8564
192
8564
194
8564
996
1950
8564
8564
194
198
8564
204
198
8564
8564
204
420
1950
8564
8564
1950
8564
8564
8564
8564
8564
8564
8190
8564
8564
8564
216
8564
8564
8564
216
8564
567
8564
500
8564
8564
216
8564
1950
3837
8564
8564
216
8564
8564
8564
8564
8564
567
8564
8564
8564
8564
8564
8564
8564
8564
8564
8564
8564
8564
8564
216
8564
8564
8564
8564
1047
8564
8564
8564
192
8564
216
8564
8564
8564
216
420
8564
500
8564
8564
216
8564
216
8564
420
567
8564
500
8564
8564
216
420
8564
500
8564
8564
8564
216
192
8564
8564
1950
3837
8564
8564
216
8564
8564
8564
1950
3837
8564
216
8564
500
8564
8564
216
8564
8564
216
8564
8564
567
8564
8564
8564
8564
216
8564
8564
8564
500
8564
216
192
8564
8564
1950
3837
8564
216
8564
8564
1137
505
8564
8564
216
8564
8564
198
8564
204
1137
619
8564
567
8564
697
8564
8564
216
8564
8564
8564
8564
8564
8564
1137
619
8564
8564
8564
619
8564
8564
8564
8564
8564
8564
8564
567
8564
8564
8564
4940
1013
506
192
194
630
204
8564
567
8564
8564
4801
8564
204
8564
567
8564
1013
8564
8564
8564
8564
8564
8564
8564
8564
8564
216
8564
567
8564
1013
8564
8564
8564
8564
8564
8564
8564
8564
8564
216
8564
8564
8564
8564
8564
8564
8564
8564
8564
420
4605
8564
8564
189
8564
8564
8564
8564
8564
8564
8564
8564
8564
8564
8564
8564
8564
8564
8564
8564
8564
8564
8564
8564
8564
204
8564
8564
8564
8564
8564
8564
567
8564
697
194
198
1137
8564
1950
8564
8564
567
8564
8564
8564
8564
8564
8564
1137
193
8564
198
8564
8564
8564
204
8564
8564
8564
8564
8564
216
8564
500
8564
216
8564
8564
189
8564
204
8564
8564
8564
4940
8564
8564
420
189
8564
204
8564
8564
8564
8564
216
8564
8564
189
8564
204
8564
8564
8564
4940
8564
8564
420
189
8564
204
8564
8564
216
8564
8564
8564
8564
8564
8564
8564
8564
198
8564
204
193
193
8564
198
8564
8564
8564
204
8564
540
8564
204
8564
1137
193
1137
193
8564
8564
8564
216
8564
8564
8564
8564
8564
4940
8564
567
8564
697
1950
1950
8564
420
420
420
540
8564
8564
8564
8564
204
540
204
1950
3837
216
540
204
1950
3837
216
2298
630
8564
204
188
333
567
8564
697
8564
216
8564
8564
193
193
8564
198
8564
8564
204
8564
8564
8564
189
8564
204
8564
8564
8564
4940
8564
8564
420
189
8564
204
8564
8564
540
8564
8564
204
8564
8564
8564
8564
8564
8564
8564
8564
8564
8564
8564
8564
8564
8564
8564
8564
8564
216
8564
8564
8564
8564
216
8564
8564
8564
8564
8564
8564
8564
8564
8564
8564
8564
216
8564
1011
694
773
756
4637
8564
1013
1137
8564
1950
8564
8564
8564
567
8564
1950
8564
8564
8564
252
2298
8564
8564
8564
8564
8564
8564
8564
8564
8564
8564
8564
8564
8564
1047
234
204
8564
8564
8564
8564
8564
8564
8564
8564
216
8564
8564
2298
8564
8564
8564
8564
8564
8564
8564
8564
8564
8564
8564
8564
1345
1047
234
204
8564
8564
8564
8564
8564
8564
8564
8564
216
8564
8564
826
1015
8564
8564
871
8564
194
198
8564
204
8564
198
8564
204
2298
826
194
198
8564
204
8564
8564
8564
216
8564
8564
8564
8564
8564
8564
8564
1006
8564
8564
826
1015
8564
657
8564
826
1015
8564
8564
194
198
8564
204
8564
8564
252
2298
8564
657
8564
216
8564
8564
8564
8564
8564
8564
8564
8564
8564
8564
8564
8564
8564
8564
8564
8564
8564
8564
8564
8564
8564
8564
8564
8564
8564
8564
8564
8564
8564
8564
8564
8564
8564
8564
8564
1137
505
8564
1950
8564
567
8564
234
8564
8564
8564
8564
204
8564
420
8564
8564
216
8564
8564
420
567
8564
4637
204
234
8564
8564
204
420
567
8564
234
8564
204
8564
8564
8564
1347
234
8564
8564
204
1013
8564
216
1013
8564
216
8564
4972
252
8564
8564
216
1209
1209
8564
194
198
8564
8564
8564
8564
8564
204
8564
1137
505
8564
567
8564
234
8564
8564
204
1013
820
4637
192
659
820
194
513
879
773
756
756
8564
192
487
332
8564
8564
204
8564
1137
505
1137
505
8564
420
8564
8564
8564
216
8564
8564
640
488
8564
8564
8564
204
8564
8564
8564
279
8564
8564
204
619
567
8564
194
1011
412
8564
8564
8564
204
194
198
204
1137
8564
1950
8564
1137
505
619
1950
8564
567
8564
234
8564
8564
8564
204
8564
420
8564
8564
216
8564
8564
420
567
8564
4637
204
234
8564
8564
204
420
567
8564
234
8564
204
8564
1347
234
8564
8564
204
4972
252
8564
216
8564
619
332
8564
204
420
192
8564
8564
216
8564
8564
8564
8564
8564
8564
216
8564
8564
567
4972
252
619
332
8564
204
8564
190
1950
8564
332
8564
204
8564
420
8564
8564
8564
216
1137
1137
332
279
424
659
8564
8564
216
234
8564
8564
8564
8564
204
8564
8564
8564
619
619
8564
8564
8564
216
8564
8564
8564
567
8564
567
8564
234
8564
204
420
567
8564
234
488
8564
8564
8564
8564
204
1137
420
192
505
619
1950
8564
567
8564
234
8564
8564
8564
204
8564
8564
619
567
8564
420
8564
8564
216
8564
8564
420
567
8564
4637
204
234
8564
8564
8564
204
420
567
8564
234
8564
8564
8564
204
1347
234
8564
8564
8564
204
8564
216
8564
420
619
567
8564
619
567
8564
234
8564
8564
8564
8564
8564
204
619
567
8564
8564
8564
8564
216
8564
2298
192
8564
8564
194
8564
8564
8564
8564
8564
8564
4794
8564
8564
8564
8564
216
8564
8564
8564
216
8564
8564
8564
8564
216
8564
8564
8564
8564
216
8564
8564
8564
8564
216
8564
8564
8564
8564
216
8564
8564
8564
8564
8564
8564
8564
2298
8564
8564
8564
8564
8564
1209
8564
198
8564
204
420
8564
8564
216
8564
8564
8564
192
8564
194
8564
4956
8564
2298
1950
3837
8564
8564
2298
8564
2298
8564
2298
8564
2298
192
201
8564
8564
8564
8564
8564
8564
194
513
879
773
756
756
8564
1137
505
8564
1950
8564
8564
567
8564
8564
8564
8564
8564
8564
252
333
194
630
8564
8564
8564
8564
204
8564
2298
8564
8564
8564
2298
8564
8564
8564
194
826
1950
8564
420
1015
8564
420
1950
8564
420
1950
8564
420
1950
8564
8564
420
8564
8564
8564
420
1015
8564
420
1950
8564
420
1015
8564
420
1950
8564
420
1950
8564
2298
8564
8564
8564
8564
8564
8564
8564
3722
8564
8564
279
8564
204
420
1950
420
1015
420
1015
420
1015
420
1015
420
1950
3646
8564
216
8564
8564
8564
420
8564
8564
619
567
8564
8564
216
8564
420
332
8564
8564
8564
204
8564
8564
567
8564
234
8564
204
8564
567
8564
1011
8564
201
8564
8564
8564
204
420
189
8564
204
619
567
8564
420
8564
567
8564
8564
8564
216
8564
198
204
619
567
8564
8564
8564
216
8564
8564
8564
412
8564
198
204
8564
8564
204
8564
8564
8564
216
204
252
8564
513
8564
1137
619
1950
8564
8564
8564
567
4972
630
204
8564
234
8564
204
252
420
619
567
8564
234
204
8564
252
619
567
8564
234
204
619
567
8564
8564
8564
216
8564
8564
8564
216
8564
8564
216
8564
2298
8564
8564
8564
1950
3837
8564
8564
3604
8564
8564
8564
1345
8564
8564
8564
8564
8564
8564
8564
8564
567
8564
8564
198
8564
204
8564
567
8564
500
8564
8564
657
500
8564
8564
216
547
198
8564
204
8564
8564
8564
204
8564
826
8564
1950
8564
420
1015
8564
420
1950
8564
420
1950
8564
420
1950
8564
8564
420
8564
8564
8564
420
1950
8564
8564
420
8564
8564
8564
8564
216
8564
500
8564
8564
216
8564
2298
8564
8564
8564
420
1950
8564
1950
194
8564
8564
252
2298
8564
420
1950
8564
8564
8564
1950
3837
1950
3837
8564
8564
8564
420
1950
8564
420
1950
8564
540
8564
8564
204
420
1950
8564
420
1950
8564
540
586
8564
216
8564
2298
8564
8564
8564
826
1950
8564
8564
8564
4783
420
1015
8564
420
1950
8564
420
1950
8564
420
1950
8564
8564
420
8564
8564
8564
2298
8564
420
1015
8564
198
204
826
216
8564
194
567
8564
201
204
4972
252
2298
3604
8564
8564
8564
1950
3837
8564
8564
3604
8564
8564
420
1015
8564
513
8564
420
1015
8564
2298
8564
8564
8564
567
4972
826
420
567
5012
8564
1950
8564
279
8564
204
8564
216
8564
2298
8564
8564
8564
8564
279
8564
204
8564
1950
8564
3837
8564
279
8564
8564
8564
204
8564
2298
8564
8564
279
204
420
1950
8564
420
1015
8564
198
8564
586
2298
3604
8564
8564
8564
8564
279
8564
204
420
1950
8564
420
1950
8564
279
8564
8564
204
8564
2298
8564
8564
216
8564
8564
8564
279
204
420
1950
8564
420
1950
8564
279
8564
204
8564
2298
8564
216
8564
8564
279
204
420
1950
8564
1950
8564
2298
8564
8564
8564
8564
8564
8564
8564
8564
8564
8564
8564
8564
279
204
194
198
8564
8564
216
204
8564
1950
8564
279
8564
8564
204
8564
8564
826
8564
8564
420
8564
8564
8564
8564
8564
420
8564
8564
8564
8564
826
420
567
8564
8564
1950
8564
279
8564
204
1338
216
8564
420
1950
8564
420
1950
8564
420
1950
8564
8564
279
8564
204
8564
252
1137
619
1950
8564
8564
216
8564
500
8564
1950
8564
279
8564
204
420
8564
500
8564
8564
216
8564
420
1950
8564
8564
1950
8564
8564
8564
216
8564
2298
8564
8564
8564
8564
8564
8564
8564
8564
8564
8564
8564
8564
8564
1047
234
204
8564
8564
8564
8564
8564
8564
8564
8564
216
8564
1950
8564
2298
8564
8564
8564
8564
8564
8564
8564
8564
8564
8564
279
204
8564
252
8564
420
189
8564
204
1950
194
564
513
8564
1209
8564
417
204
420
8564
1137
619
420
8564
8564
8564
420
8564
8564
8564
420
8564
8564
8564
8564
8564
8564
8564
8564
216
8564
1137
619
1950
8564
540
8564
8564
8564
8564
8564
204
8564
2298
8564
1209
8564
417
204
8564
8564
8564
8564
540
8564
8564
8564
8564
204
8564
8564
8564
279
204
1137
619
1950
8564
216
8564
8564
500
8564
1137
619
1950
8564
420
1950
8564
8564
8564
420
1950
8564
8564
216
8564
8564
420
1950
8564
8564
420
1950
8564
567
8564
8564
8564
1950
8564
8564
8564
8564
697
192
641
8564
8564
2298
8564
232
8564
1345
8564
417
204
1209
1137
505
420
1950
8564
194
513
8564
1209
420
1950
8564
417
204
252
420
1015
8564
8564
8564
420
1950
8564
8564
8564
420
1950
8564
420
1015
8564
420
1015
8564
8564
279
204
8564
420
1015
8564
216
8564
252
1137
619
1950
8564
540
204
8564
420
1015
8564
216
8564
252
1137
619
1950
8564
540
204
420
1950
8564
216
198
8564
204
8564
8564
4783
198
756
8564
8564
8564
612
8564
216
8564
8564
8564
567
8564
8564
8564
1950
8564
8564
8564
8564
8564
8564
420
1015
8564
216
8564
420
1015
8564
8564
2298
8564
232
8564
8564
8564
194
8564
2298
8564
8564
8564
279
8564
204
1950
8564
3837
8564
8564
279
204
8564
252
1137
619
1950
8564
279
204
8564
420
1015
8564
198
204
420
1950
8564
1950
3837
216
1950
3837
216
279
8564
204
420
8564
8564
8564
420
8564
8564
8564
8564
8564
8564
8564
420
1950
8564
8564
8564
216
8564
2298
8564
8564
8564
279
204
8564
279
204
8564
252
1137
619
1950
8564
540
8564
204
8564
216
420
1015
8564
198
204
420
1950
8564
1950
3837
216
1950
3837
8564
2298
8564
8564
8564
8564
8564
279
8564
8564
204
8564
1950
8564
3837
8564
8564
279
8564
204
8564
252
1137
619
1950
8564
279
8564
204
8564
420
1015
8564
198
204
420
1950
8564
1950
3837
216
1950
3837
8564
216
8564
279
8564
204
420
8564
8564
8564
420
8564
8564
8564
8564
8564
8564
8564
420
1950
8564
8564
8564
279
8564
8564
8564
204
8564
2298
8564
8564
8564
8564
8564
8564
1345
8564
1345
8564
8564
8564
8564
8564
8564
8564
8564
8564
8564
1345
1345
8564
8564
8564
8564
8564
8564
8564
8564
8564
8564
8564
8564
8564
8564
8564
8564
8564
8564
8564
8564
8564
8564
8564
8564
8564
8564
8564
8564
8564
8564
8564
8564
8564
8564
8564
8564
8564
8564
8564
8564
8564
8564
8564
8564
8564
8564
8564
8564
8564
8564
8564
8564
8564
8564
8564
8564
8564
8564
8564
8564
8564
8564
8564
8564
8564
8564
8564
8564
1345
8564
8564
8564
1345
8564
8564
8564
8564
1345
8564
8564
8564
8564
8564
8564
8564
8564
8564
8564
8564
8564
8564
8564
8564
8564
8564
8564
8564
8564
8564
8564
8564
8564
8564
8564
8564
8564
8564
8564
8564
8564
8564
8564
8564
8564
8564
8564
8564
8564
8564
8564
8564
8564
8564
8564
8564
8564
8564
8564
8564
8564
8564
8564
8564
8564
8564
8564
8564
8564
8564
8564
8564
8564
8564
8564
8564
8564
8564
8564
8564
3722
8564
234
8564
204
8564
8564
279
8564
204
8564
1209
8564
417
204
8564
198
204
8564
8564
8564
204
8564
8564
8564
8564
8564
8564
204
8564
8564
279
8564
8564
8564
204
8564
8564
252
1137
619
1950
8564
279
8564
8564
8564
204
8564
8564
420
189
8564
8564
204
1950
194
564
513
8564
1209
8564
417
204
420
8564
1137
619
420
8564
8564
8564
420
8564
8564
8564
420
8564
8564
8564
8564
8564
8564
8564
8564
8564
8564
8564
216
8564
8564
8564
8564
8564
204
8564
8564
8564
8564
8564
8564
8564
8564
204
8564
8564
8564
8564
8564
279
8564
8564
8564
8564
204
8564
1209
8564
417
204
8564
8564
8564
8564
8564
216
8564
8564
194
8564
8564
8564
252
1137
619
1950
8564
8564
8564
216
8564
8564
420
1950
8564
8564
420
1950
8564
567
8564
8564
8564
1950
8564
8564
8564
8564
8564
216
368
2156
216
8564
8564
8564
500
8564
8564
8564
8564
252
1137
619
1950
8564
420
1015
8564
8564
670
188
8564
420
1015
8564
1015
8564
8564
8564
8564
8564
8564
216
8564
8564
8564
8564
8564
8564
8564
216
8564
8564
8564
8564
1171
8564
1006
420
1015
8564
4108
8564
420
1137
8564
8564
8564
687
8564
8564
8564
8564
8564
8564
8564
204
8564
8564
567
8564
697
8564
567
8564
697
1137
505
505
8564
8564
8564
1171
889
1137
8564
8564
8564
194
689
412
8564
8564
8564
8564
204
4940
8564
1137
8564
8564
8564
1171
1552
889
1137
8564
8564
8564
4801
8564
8564
8564
204
8564
8564
1137
8564
8564
8564
688
8564
204
1552
8564
567
8564
697
8564
216
1015
8564
8564
8564
8564
8564
216
8564
8564
8564
8564
8564
1006
8564
8564
8564
8564
8564
216
8564
8564
8564
8564
8564
8564
8564
8564
8564
8564
216
8564
8564
8564
8564
8564
420
1015
8564
8564
252
1137
8564
8564
8564
689
8564
687
8564
8564
8564
8564
8564
204
1137
420
4940
505
8564
8564
8564
8564
8564
8564
8564
216
8564
8564
8564
8564
8564
8564
4940
488
8564
8564
8564
8564
204
1137
505
8564
8564
8564
4940
567
8564
567
8564
193
194
8564
8564
8564
8564
8564
8564
198
8564
8564
8564
8564
8564
8564
8564
8564
8564
204
8564
8564
8564
8564
640
192
8564
194
8564
8564
8564
8564
8564
8564
8564
8564
8564
8564
8564
8564
8564
8564
8564
8564
8564
500
8564
8564
8564
8564
252
1137
619
1950
8564
420
1015
8564
198
8564
204
8564
8564
8564
216
420
1950
8564
8564
8564
8564
1950
8564
8564
420
1015
8564
8564
8564
216
8564
8564
8564
500
420
1950
8564
619
332
204
420
332
204
8564
500
420
1015
8564
198
204
343
3760
619
279
8564
8564
8564
204
403
8564
8564
8564
204
420
332
8564
204
619
193
189
8564
8564
8564
8564
204
8564
8564
8564
961
619
1552
279
8564
8564
8564
204
820
8564
8564
8564
216
8564
8564
8564
567
8564
420
567
8564
420
420
540
8564
8564
8564
8564
204
193
8564
8564
8564
216
619
343
8564
420
193
403
8564
8564
204
8564
8564
193
8564
216
8564
619
567
8564
619
567
8564
420
567
8564
420
567
8564
420
567
8564
420
567
8564
420
567
8564
420
567
8564
420
567
8564
420
567
8564
420
567
8564
420
567
8564
420
567
8564
420
567
8564
420
567
8564
420
567
8564
420
540
8564
8564
8564
8564
204
8564
8564
8564
8564
8564
8564
216
8564
8564
8564
420
1015
8564
198
204
193
420
1950
8564
343
540
204
8564
279
204
8564
8564
252
1137
619
1950
8564
8564
420
1950
8564
619
420
1950
8564
189
8564
8564
8564
8564
8564
8564
8564
8564
8564
204
8564
420
1950
8564
204
8564
420
1950
8564
189
8564
8564
8564
8564
8564
8564
8564
8564
8564
204
8564
8564
8564
8564
8564
2383
619
420
1950
8564
1950
194
8564
1209
8564
420
1950
8564
8564
420
1950
8564
279
8564
8564
8564
8564
8564
204
420
540
8564
8564
8564
8564
8564
8564
8564
204
8564
8564
8564
8564
8564
8564
252
1137
619
1950
8564
420
1950
8564
189
8564
8564
8564
8564
8564
8564
8564
8564
8564
204
8564
8564
8564
8564
420
1950
8564
8564
8564
8564
8564
216
8564
8564
8564
8564
8564
619
567
8564
8564
420
1950
8564
420
619
567
8564
8564
420
1950
8564
567
8564
198
8564
8564
8564
8564
204
8564
8564
8564
8564
8564
279
8564
204
1950
8564
3837
8564
8564
279
204
8564
252
1137
619
1950
8564
279
204
8564
420
1015
8564
198
204
420
1950
8564
1950
3837
216
1950
3837
216
279
8564
204
8564
500
8564
216
8564
567
8564
8564
8564
949
431
188
8564
198
8564
8564
8564
8564
8564
8564
8564
8564
204
8564
194
198
204
8564
8564
8564
425
204
8564
1137
505
8564
8564
8564
8564
689
8564
8564
8564
8564
8564
216
403
8564
8564
8564
204
198
204
198
8564
204
8564
8564
949
188
8564
8564
8564
8564
8564
216
192
420
2383
333
403
8564
8564
204
8564
8564
8564
8564
8564
216
192
820
8564
8564
216
8564
8564
619
8564
8564
8564
420
8564
8564
8564
619
8564
8564
8564
420
8564
8564
8564
420
8564
8564
8564
420
8564
8564
8564
420
8564
8564
8564
420
8564
8564
8564
420
8564
8564
8564
420
8564
8564
8564
420
8564
8564
8564
420
8564
8564
8564
420
8564
8564
8564
420
8564
8564
8564
420
8564
8564
8564
420
8564
8564
8564
420
420
279
8564
8564
8564
8564
204
1552
279
8564
204
8564
1137
8564
216
8564
619
619
8564
8564
8564
420
8564
8564
8564
619
8564
8564
8564
420
8564
8564
8564
420
540
8564
8564
8564
204
8564
540
8564
8564
204
192
279
8564
8564
204
8564
8564
192
8564
216
8564
619
1950
8564
619
1950
8564
420
540
8564
8564
204
619
619
540
8564
8564
8564
8564
8564
8564
204
619
619
8564
8564
8564
216
8564
198
204
252
8564
500
640
619
567
8564
234
8564
8564
252
1137
619
1950
8564
612
420
1015
8564
216
8564
8564
630
420
8564
204
8564
8564
8564
8564
8564
216
420
1015
8564
670
8564
8564
8564
8564
8564
8564
8564
500
420
8564
216
420
8564
216
8564
420
567
8564
8564
1347
420
8564
216
8564
8564
567
8564
1347
8564
8564
8564
216
8564
420
567
8564
1156
697
8564
8564
1106
8564
216
567
8564
252
619
567
8564
234
204
1137
420
505
826
1950
1950
8564
619
567
8564
619
8564
216
420
8564
216
8564
8564
567
8564
8564
533
8564
8564
500
8564
1950
3837
216
8564
500
8564
216
8564
8564
8564
500
8564
8564
8564
8564
8564
8564
8564
8564
8564
8564
8564
8564
8564
8564
8564
8564
8564
8564
8564
8564
8564
216
8564
8564
8564
8564
8564
420
1006
8564
8564
8564
8564
8564
216
198
204
198
8564
8564
8564
204
8564
8564
252
1137
619
1950
8564
420
1950
8564
8564
619
8564
8564
8564
8564
216
8564
8564
8564
8564
567
8564
420
1015
8564
8564
670
8564
420
1015
8564
1015
8564
332
8564
8564
8564
8564
8564
204
188
8564
8564
8564
216
8564
8564
8564
8564
1171
4108
1015
8564
420
420
540
8564
8564
8564
204
8564
8564
8564
567
8564
234
8564
204
697
8564
567
8564
697
8564
216
8564
1137
505
505
8564
8564
8564
1171
889
1137
8564
8564
8564
194
689
412
8564
8564
8564
8564
204
4940
8564
1137
8564
8564
8564
1171
1552
889
1137
8564
8564
8564
4801
8564
8564
8564
204
8564
8564
1137
8564
8564
8564
688
8564
204
1552
8564
567
8564
697
8564
216
8564
500
193
8564
500
1137
420
505
619
567
8564
420
1015
8564
8564
670
188
8564
420
1015
8564
1015
8564
194
756
8564
8564
8564
8564
8564
204
8564
8564
8564
8564
1171
4108
1015
8564
420
420
540
8564
8564
8564
204
8564
8564
8564
567
8564
234
8564
204
697
8564
567
8564
697
8564
216
8564
1137
505
505
8564
8564
8564
1171
889
1137
8564
8564
8564
194
689
412
8564
8564
8564
8564
204
4940
8564
1137
8564
8564
8564
1171
1552
889
1137
8564
8564
8564
4801
8564
8564
8564
204
8564
8564
1137
8564
8564
8564
688
8564
204
1552
8564
567
8564
697
8564
216
1015
8564
8564
8564
216
8564
8564
1137
505
505
8564
8564
8564
1171
1137
8564
8564
8564
194
689
412
8564
8564
204
8564
1137
8564
8564
8564
4940
1137
8564
8564
8564
1171
1137
8564
8564
8564
4801
8564
8564
8564
204
8564
333
8564
8564
687
8564
8564
8564
8564
204
1171
420
1015
8564
4108
1015
8564
420
567
8564
8564
8564
8564
8564
8564
216
8564
500
193
1137
420
505
619
567
8564
8564
8564
252
1137
619
1950
8564
420
1015
8564
8564
670
188
8564
420
1015
8564
1015
8564
194
756
8564
8564
8564
8564
8564
8564
8564
8564
204
8564
8564
8564
8564
8564
8564
8564
8564
8564
8564
216
8564
8564
8564
8564
1171
4108
1015
8564
420
420
540
8564
8564
8564
204
8564
8564
8564
567
8564
234
8564
204
697
8564
567
8564
697
8564
216
8564
1137
505
505
8564
8564
8564
1171
889
1137
8564
8564
8564
194
689
412
8564
8564
8564
8564
204
4940
8564
1137
8564
8564
8564
1171
1552
889
1137
8564
8564
8564
4801
8564
8564
8564
204
8564
8564
1137
8564
8564
8564
688
8564
204
1552
8564
567
8564
697
8564
216
1015
8564
8564
8564
8564
8564
8564
216
8564
198
204
252
8564
500
640
619
567
8564
234
8564
8564
252
1137
619
1950
8564
612
420
1015
8564
216
8564
8564
630
420
8564
204
8564
8564
8564
8564
8564
216
420
1015
8564
670
8564
8564
8564
8564
8564
8564
216
8564
198
204
252
8564
500
640
619
567
8564
234
8564
8564
252
1137
619
1950
8564
612
420
1015
8564
216
8564
8564
630
420
8564
204
8564
8564
8564
8564
8564
216
420
1015
8564
670
8564
8564
8564
8564
8564
8564
8564
216
8564
198
204
252
8564
500
640
619
567
8564
234
8564
8564
252
1137
619
1950
8564
612
420
1015
8564
216
8564
8564
630
420
8564
204
8564
8564
8564
8564
8564
216
420
1015
8564
670
8564
8564
8564
8564
8564
420
1015
8564
513
8564
8564
8564
8564
216
8564
198
204
252
8564
500
640
619
567
8564
234
8564
8564
252
1137
619
1950
8564
612
420
1015
8564
216
8564
8564
630
420
8564
204
8564
8564
8564
8564
8564
216
420
1015
8564
670
8564
8564
8564
8564
8564
420
1015
8564
513
8564
8564
8564
216
8564
8564
826
420
1950
221
8564
420
1015
8564
1950
8564
8564
279
8564
1950
8564
8564
8564
8564
8564
216
8564
198
204
252
8564
500
640
619
567
8564
234
8564
8564
252
1137
619
1950
8564
612
420
1015
8564
216
8564
8564
630
420
8564
204
8564
8564
8564
8564
8564
216
420
1015
8564
670
8564
8564
8564
8564
8564
8564
826
420
1950
221
8564
420
1015
8564
1950
8564
8564
279
8564
1950
8564
8564
8564
8564
8564
8564
216
8564
252
198
204
8564
500
640
619
567
8564
234
8564
8564
252
1137
619
1950
8564
612
420
1015
8564
216
8564
8564
630
420
8564
204
8564
8564
8564
8564
8564
216
420
1015
8564
670
8564
8564
8564
8564
8564
420
1015
8564
513
8564
8564
8564
8564
8564
500
420
1137
420
2383
826
420
1950
1950
194
8564
420
1015
8564
1950
8564
8564
279
8564
1950
8564
8564
8564
8564
8564
8564
216
8564
252
198
204
8564
500
640
619
567
8564
234
8564
8564
252
1137
619
1950
8564
612
420
1015
8564
216
8564
8564
630
420
8564
204
8564
8564
8564
8564
8564
216
420
1015
8564
670
8564
8564
8564
8564
8564
8564
8564
8564
500
420
1137
420
2383
826
420
1950
1950
194
8564
420
1015
8564
1950
8564
8564
279
8564
1950
8564
8564
8564
500
8564
252
420
619
567
8564
8564
826
1047
420
567
8564
420
1015
8564
1950
8564
8564
279
8564
1950
8564
8564
8564
8564
8564
216
8564
198
204
252
8564
500
640
619
567
8564
234
8564
8564
252
1137
619
1950
8564
612
420
1015
8564
216
8564
8564
630
420
8564
204
8564
8564
8564
8564
8564
216
420
1015
8564
670
8564
8564
8564
8564
8564
420
1015
8564
513
8564
8564
513
8564
216
8564
252
198
204
8564
500
640
619
567
8564
234
8564
8564
252
1137
619
1950
8564
612
420
1015
8564
216
8564
8564
630
420
8564
204
8564
8564
8564
8564
8564
216
420
1015
8564
670
8564
8564
8564
8564
8564
8564
1137
420
2383
826
420
1950
221
194
8564
420
1015
8564
1950
8564
8564
279
8564
1950
8564
8564
8564
500
8564
252
420
619
567
8564
8564
826
1047
420
567
8564
420
1015
8564
1950
8564
8564
279
8564
1950
8564
8564
8564
8564
216
8564
198
204
252
8564
500
640
619
567
8564
234
8564
8564
252
1137
619
1950
8564
612
420
1015
8564
216
8564
8564
630
420
8564
204
8564
8564
8564
8564
8564
216
420
1015
8564
670
8564
8564
8564
8564
8564
8564
8564
8564
216
8564
198
204
252
8564
500
640
619
567
8564
234
8564
8564
252
1137
619
1950
8564
612
420
1015
8564
216
8564
8564
630
420
8564
204
8564
8564
8564
8564
8564
216
420
1015
8564
670
8564
8564
8564
8564
8564
420
1015
8564
513
8564
8564
8564
826
420
1950
221
8564
420
1015
8564
1950
8564
8564
279
8564
1950
8564
8564
8564
8564
8564
8564
216
8564
198
204
252
8564
500
640
619
567
8564
234
8564
8564
252
1137
619
1950
8564
612
420
1015
8564
216
8564
8564
630
420
8564
204
8564
8564
8564
8564
8564
216
420
1015
8564
670
8564
8564
8564
8564
8564
420
1015
8564
513
8564
8564
8564
216
8564
198
204
252
8564
500
640
619
567
8564
234
8564
8564
252
1137
619
1950
8564
612
420
1015
8564
216
8564
8564
630
420
8564
204
8564
8564
8564
8564
8564
216
420
1015
8564
670
8564
8564
8564
8564
8564
8564
216
8564
8564
826
420
1950
221
8564
420
1015
8564
1950
8564
8564
279
8564
1950
8564
8564
8564
8564
8564
8564
216
8564
198
204
252
8564
500
640
619
567
8564
234
8564
8564
252
1137
619
1950
8564
612
420
1015
8564
216
8564
8564
630
420
8564
204
8564
8564
8564
8564
8564
216
420
1015
8564
670
8564
8564
8564
8564
8564
8564
420
1015
8564
513
8564
8564
8564
8564
567
8564
8564
8564
8564
8564
8564
8564
8564
279
8564
8564
204
8564
8564
420
1015
8564
252
1137
505
506
1950
8564
279
8564
8564
8564
204
194
198
204
826
8564
279
8564
8564
8564
204
8564
8564
1950
8564
420
420
1015
8564
1950
1950
8564
8564
252
619
3837
279
8564
8564
8564
8564
204
8564
567
8564
8564
8564
8564
279
8564
8564
8564
204
8564
198
204
252
8564
500
640
619
567
8564
234
8564
8564
252
1137
619
1950
8564
612
420
1015
8564
216
8564
8564
630
420
8564
204
8564
8564
8564
8564
8564
216
420
1015
8564
670
8564
8564
8564
8564
8564
8564
8564
826
420
567
8564
420
1015
8564
1950
8564
8564
279
8564
1950
8564
8564
8564
8564
8564
216
8564
8564
8564
8564
8564
216
420
8564
8564
8564
420
8564
8564
8564
8564
8564
8564
8564
420
1950
8564
8564
8564
234
8564
8564
8564
204
8564
8564
8564
8564
216
8564
8564
8564
8564
8564
216
279
204
8564
420
1950
8564
216
8564
420
1015
8564
420
1015
8564
8564
8564
216
8564
2298
8564
198
204
252
8564
500
640
619
567
8564
234
8564
8564
252
1137
619
1950
8564
612
420
1015
8564
216
8564
8564
630
420
8564
204
8564
8564
8564
8564
8564
216
420
1015
8564
670
8564
8564
8564
8564
8564
8564
8564
1013
8564
216
8564
198
204
252
8564
500
640
619
567
8564
234
8564
8564
252
1137
619
1950
8564
612
420
1015
8564
216
8564
8564
630
420
8564
204
8564
8564
8564
8564
8564
216
420
1015
8564
670
8564
8564
8564
8564
8564
8564
500
8564
8564
8564
216
8564
198
204
252
8564
500
640
619
567
8564
234
8564
8564
252
1137
619
1950
8564
612
420
1015
8564
216
8564
8564
630
420
8564
204
8564
8564
8564
8564
8564
216
420
1015
8564
670
8564
8564
8564
8564
8564
8564
420
1015
8564
513
8564
8564
8564
216
8564
198
204
252
8564
500
640
619
567
8564
234
8564
8564
252
1137
619
1950
8564
612
420
1015
8564
216
8564
8564
630
420
8564
204
8564
8564
8564
8564
8564
216
420
1015
8564
670
8564
8564
8564
8564
8564
8564
8564
216
8564
198
204
252
8564
500
640
619
567
8564
234
8564
8564
252
1137
619
1950
8564
612
420
1015
8564
216
8564
8564
630
420
8564
204
8564
8564
8564
8564
8564
216
420
1015
8564
670
8564
8564
8564
8564
8564
8564
8564
8564
8564
216
8564
567
8564
2298
8564
198
204
252
8564
500
640
619
567
8564
234
8564
8564
252
1137
619
1950
8564
612
420
1015
8564
216
8564
8564
630
420
8564
204
8564
8564
8564
8564
8564
216
420
1015
8564
670
8564
8564
8564
8564
8564
8564
8564
194
198
612
564
253
8564
8564
216
8564
198
204
252
8564
500
640
619
567
8564
234
8564
8564
252
1137
619
1950
8564
612
420
1015
8564
216
8564
8564
630
420
8564
204
8564
8564
8564
8564
8564
216
420
1015
8564
670
8564
8564
8564
8564
8564
8564
216
8564
198
204
252
8564
500
640
619
567
8564
234
8564
8564
252
1137
619
1950
8564
612
420
1015
8564
216
8564
8564
630
420
8564
204
8564
8564
8564
8564
8564
216
420
1015
8564
670
8564
8564
8564
8564
8564
8564
216
8564
198
204
252
8564
500
640
619
567
8564
234
8564
8564
252
1137
619
1950
8564
612
420
1015
8564
216
8564
8564
630
420
8564
204
8564
8564
8564
8564
8564
216
420
1015
8564
670
8564
8564
8564
8564
8564
8564
8564
8564
8564
8564
198
8564
8564
8564
8564
204
8564
198
204
252
8564
500
640
619
567
8564
234
8564
8564
252
1137
619
1950
8564
612
420
1015
8564
216
8564
8564
630
420
8564
204
8564
8564
8564
8564
8564
216
420
1015
8564
670
8564
8564
8564
8564
8564
8564
8564
8564
8564
8564
198
8564
8564
8564
204
8564
8564
657
500
8564
8564
216
8564
198
204
252
8564
500
640
619
567
8564
234
8564
8564
252
1137
619
1950
8564
612
420
1015
8564
216
8564
8564
630
420
8564
204
8564
8564
8564
8564
8564
216
420
1015
8564
670
8564
8564
8564
8564
8564
8564
8564
8564
8564
8564
198
8564
8564
8564
8564
204
8564
198
204
252
8564
500
640
619
567
8564
234
8564
8564
252
1137
619
1950
8564
612
420
1015
8564
216
8564
8564
630
420
8564
204
8564
8564
8564
8564
8564
216
420
1015
8564
670
8564
8564
8564
8564
8564
8564
500
8564
8564
279
8564
8564
204
8564
198
204
252
8564
500
640
619
567
8564
234
8564
8564
252
1137
619
1950
8564
612
420
1015
8564
216
8564
8564
630
420
8564
204
8564
8564
8564
8564
8564
216
420
1015
8564
670
8564
8564
8564
8564
8564
216
8564
500
8564
8564
8564
216
8564
198
204
252
8564
500
640
619
567
8564
234
8564
8564
252
1137
619
1950
8564
612
420
1015
8564
216
8564
8564
630
420
8564
204
8564
8564
8564
8564
8564
216
420
1015
8564
670
8564
8564
8564
8564
8564
826
8564
8564
500
420
8564
513
1950
1950
8564
8564
8564
252
420
619
567
8564
8564
216
8564
198
204
252
8564
500
640
619
567
8564
234
8564
8564
252
1137
619
1950
8564
612
420
1015
8564
216
8564
8564
630
420
8564
204
8564
8564
8564
8564
8564
216
420
1015
8564
670
8564
8564
8564
8564
8564
8564
8564
216
8564
252
198
204
8564
500
640
619
567
8564
234
8564
8564
252
1137
619
1950
8564
612
420
1015
8564
216
8564
8564
630
420
8564
204
8564
8564
8564
8564
8564
216
420
1015
8564
670
8564
8564
8564
8564
8564
630
204
8564
500
640
192
3732
216
8564
279
8564
204
8564
1950
8564
279
8564
8564
204
8564
8564
8564
216
826
8564
279
8564
8564
8564
204
8564
8564
1950
8564
420
420
1015
8564
1950
1950
8564
8564
252
619
3837
279
8564
8564
8564
8564
204
8564
567
8564
8564
8564
8564
8564
8564
216
8564
8564
216
8564
232
8564
8564
216
8564
198
204
252
8564
500
640
619
567
8564
234
8564
8564
252
1137
619
1950
8564
612
420
1015
8564
216
8564
8564
630
420
8564
204
8564
8564
8564
8564
8564
216
420
1015
8564
670
8564
8564
8564
8564
8564
8564
232
8564
232
8564
232
8564
232
8564
232
8564
232
8564
8564
8564
194
8564
1209
2298
8564
8564
8564
527
232
8564
8564
8564
8564
8564
2298
8564
826
420
1950
1950
194
8564
420
1015
8564
1950
8564
8564
279
8564
1950
8564
8564
8564
2298
8564
826
1047
420
567
8564
420
1015
8564
1950
8564
8564
279
8564
1950
8564
8564
8564
2298
8564
8564
8564
1013
192
640
192
8564
194
8564
8564
4950
8564
216
8564
216
8564
216
8564
216
8564
216
8564
216
8564
216
8564
216
8564
420
567
8564
1013
8564
216
8564
2298
8564
8564
8564
8564
8564
8564
8564
1345
8564
279
8564
8564
8564
204
8564
8564
420
1015
8564
670
1950
8564
279
8564
8564
8564
204
198
8564
8564
216
8564
194
198
424
8564
204
826
8564
279
8564
8564
8564
204
8564
8564
1950
8564
420
420
1015
8564
1950
1950
8564
8564
252
619
3837
279
8564
8564
8564
8564
204
8564
567
8564
8564
216
8564
8564
8564
2298
8564
8564
8564
279
8564
204
1950
8564
3837
8564
8564
279
204
8564
252
1137
619
1950
8564
279
204
8564
420
1015
8564
198
204
420
1950
8564
1950
3837
216
1950
3837
216
279
8564
204
420
8564
8564
8564
420
8564
8564
8564
8564
8564
8564
8564
420
1950
8564
8564
8564
216
8564
2298
8564
8564
8564
8564
8564
1345
8564
8564
8564
8564
8564
8564
8564
279
204
8564
252
1137
619
1950
8564
279
8564
8564
8564
8564
204
8564
420
189
204
1950
194
564
513
8564
1209
8564
417
204
420
8564
1137
619
420
8564
8564
8564
420
8564
8564
8564
420
8564
8564
8564
8564
8564
8564
8564
8564
216
8564
1209
8564
417
204
8564
8564
8564
216
8564
8564
8564
194
8564
8564
8564
252
1137
619
1950
8564
8564
8564
8564
216
8564
8564
8564
8564
279
204
8564
420
1950
8564
420
1950
8564
567
8564
8564
420
567
8564
8564
420
1950
8564
420
1015
8564
420
1015
8564
1137
619
1950
8564
540
8564
204
420
1950
8564
8564
420
1950
8564
567
8564
8564
8564
1950
8564
8564
8564
8564
8564
216
1950
8564
420
1015
8564
8564
279
204
1137
619
1950
8564
540
204
420
1950
8564
216
279
8564
8564
8564
204
8564
8564
4783
198
756
8564
8564
8564
8564
8564
252
612
8564
8564
8564
216
8564
204
8564
8564
8564
420
1015
8564
8564
1137
619
1950
8564
420
1950
8564
8564
420
1950
8564
567
8564
8564
8564
1950
8564
8564
8564
8564
697
192
641
8564
2298
8564
232
8564
8564
8564
1950
3837
8564
8564
8564
279
204
420
1950
8564
420
1950
8564
567
8564
8564
420
567
8564
8564
420
1950
8564
420
1015
8564
420
1015
8564
8564
279
8564
204
8564
252
1137
619
1950
8564
540
8564
204
8564
2298
8564
8564
8564
567
8564
8564
8564
1950
8564
8564
8564
8564
697
192
641
8564
2298
8564
8564
8564
8564
8564
8564
8564
8564
8564
279
204
8564
279
204
8564
252
8564
420
189
8564
204
1950
194
564
513
8564
1209
8564
417
204
420
8564
1137
619
420
8564
8564
8564
420
8564
8564
8564
420
8564
8564
8564
8564
8564
8564
8564
8564
216
8564
1137
619
1950
8564
279
8564
8564
8564
8564
204
8564
8564
8564
8564
500
8564
1137
619
1950
8564
420
1950
8564
8564
8564
420
1950
8564
640
194
8564
8564
8564
216
8564
8564
1137
619
1950
8564
420
1950
8564
8564
420
1950
8564
567
8564
8564
8564
1950
8564
8564
8564
8564
697
192
641
8564
8564
8564
216
8564
2298
8564
1209
8564
417
204
8564
8564
8564
8564
279
8564
8564
8564
8564
8564
204
8564
232
8564
8564
8564
279
204
8564
252
1137
619
1950
8564
279
204
8564
420
1015
8564
198
204
420
1950
8564
1950
3837
216
1950
3837
8564
198
8564
204
513
8564
420
1950
8564
279
8564
204
420
1950
8564
8564
420
1950
8564
567
8564
8564
8564
1950
8564
8564
8564
8564
697
192
641
8564
8564
8564
216
8564
2298
8564
8564
403
8564
204
619
420
567
8564
234
8564
8564
204
420
567
8564
234
8564
204
8564
2298
8564
417
204
1209
420
420
1950
8564
420
1950
8564
420
1950
8564
420
1015
8564
8564
420
1950
8564
420
1950
8564
420
1950
8564
8564
8564
216
8564
232
8564
8564
567
4972
513
8564
417
204
252
1209
198
204
1950
8564
619
8564
8564
630
204
8564
417
8564
204
8564
1209
420
1950
8564
420
1950
8564
420
1950
8564
420
1015
8564
8564
420
1950
8564
420
1950
8564
420
1950
8564
8564
8564
2298
619
8564
8564
8564
417
8564
8564
204
8564
232
8564
232
8564
232
8564
8564
188
2298
8564
8564
8564
2298
8564
8564
8564
2298
8564
8564
252
2298
8564
8564
500
2298
8564
8564
8564
194
8564
2298
8564
8564
8564
8564
8564
2298
8564
8564
8564
8564
8564
2298
8564
8564
188
2298
8564
8564
8564
194
8564
2298
8564
8564
8564
8564
8564
279
8564
204
8564
252
1137
619
1950
8564
279
8564
204
8564
420
1015
8564
198
8564
8564
204
420
1950
8564
1950
3837
8564
8564
252
1137
619
1950
8564
8564
216
8564
8564
1950
3837
8564
8564
216
8564
1950
3837
8564
1950
3837
8564
8564
8564
8564
8564
8564
8564
8564
8564
8564
8564
8564
8564
8564
8564
8564
8564
1950
194
8564
1209
2298
8564
8564
8564
8564
2298
8564
8564
8564
8564
2298
8564
8564
8564
8564
8564
8564
252
1137
619
1950
8564
420
1015
8564
198
204
3732
8564
567
8564
8564
8564
1950
3837
8564
2298
8564
8564
8564
8564
8564
8564
8564
8564
8564
8564
8564
8564
8564
8564
8564
8564
8564
8564
8564
1345
8564
8564
8564
8564
8564
8564
8564
8564
8564
8564
3722
8564
8564
8564
8564
949
431
630
8564
204
188
1137
505
8564
1950
8564
8564
216
8564
567
368
8564
194
8564
409
231
232
8564
500
1209
8564
8564
8564
216
8564
8564
8564
193
8564
8564
216
420
567
8564
234
8564
8564
204
8564
420
8564
8564
216
8564
8564
567
8564
234
204
234
8564
204
420
8564
216
189
8564
8564
204
3732
3732
279
8564
8564
190
8564
8564
8564
216
8564
8564
1011
409
1013
8564
198
8564
8564
204
8564
412
204
8564
1015
8564
420
198
8564
8564
8564
204
420
279
8564
8564
8564
8564
8564
8564
8564
8564
204
8564
8564
8564
8564
8564
8564
8564
8564
216
8564
8564
8564
8564
234
8564
190
567
8564
8564
8564
8564
216
234
204
3732
216
420
279
8564
8564
8564
8564
8564
8564
8564
204
189
8564
204
3732
3732
279
8564
8564
190
8564
216
8564
279
8564
204
8564
420
1950
8564
567
4972
1950
8564
279
8564
8564
204
826
8564
8564
216
8564
1950
8564
279
8564
8564
8564
8564
204
8564
8564
420
1950
8564
567
8564
234
8564
8564
8564
8564
204
8564
8564
8564
420
567
8564
420
567
8564
234
8564
8564
8564
8564
8564
204
826
8564
8564
216
8564
8564
567
8564
8564
8564
216
8564
2298
8564
1950
8564
8564
279
8564
1950
8564
8564
8564
2298
8564
8564
194
8564
216
8564
567
8564
1011
412
204
420
8564
8564
204
3604
420
567
8564
1013
2298
8564
8564
1345
417
204
1209
420
1015
8564
198
204
420
1950
8564
180
567
4846
420
1015
8564
420
1015
8564
198
420
1015
8564
204
8564
8564
8564
216
420
1015
8564
8564
8564
252
2298
412
8564
204
412
8564
8564
204
8564
252
2298
8564
8564
8564
216
8564
252
8564
216
8564
2298
8564
252
2298
8564
8564
8564
279
204
1209
420
1950
8564
420
1015
8564
198
8564
8564
204
8564
8564
8564
8564
8564
216
8564
417
279
424
204
8564
8564
8564
8564
8564
216
1209
8564
567
8564
8564
8564
252
2298
8564
8564
8564
8564
8564
8564
279
8564
204
826
8564
216
8564
2298
8564
826
2298
8564
826
2298
8564
826
2298
8564
826
2298
8564
8564
8564
8564
949
431
630
8564
204
188
1137
505
8564
1950
8564
8564
216
8564
2298
8564
8564
8564
8564
8564
1345
8564
8564
8564
8564
204
194
871
8564
198
8564
8564
204
500
8564
8564
8564
216
8564
2298
8564
8564
8564
8564
8564
8564
8564
8564
8564
8564
8564
3722
567
8564
8564
500
8564
234
8564
204
1013
8564
8564
4024
1137
255
619
567
8564
724
234
8564
8564
204
8564
8564
8564
500
8564
8564
216
8564
8564
4024
420
8564
8564
216
8564
8564
1137
505
619
567
8564
724
234
204
420
567
8564
697
234
8564
8564
8564
8564
204
8564
198
8564
8564
204
505
198
8564
8564
8564
204
252
8564
1950
8564
216
1194
8564
8564
216
8564
2298
8564
8564
8564
8564
8564
1345
3722
194
198
204
8564
279
204
1950
8564
279
8564
204
8564
567
8564
8564
8564
8564
216
8564
567
4972
8564
8564
8564
8564
8564
8564
8564
8564
204
8564
8564
8564
8564
8564
8564
216
8564
8564
420
567
8564
198
204
1950
8564
279
8564
8564
8564
204
8564
216
3604
8564
3776
500
2298
8564
8564
8564
3722
3722
3722
8564
8564
8564
3722
8564
3722
8564
8564
8564
1209
500
4972
252
221
8564
8564
8564
216
567
8564
8564
216
8564
8564
420
194
198
8564
8564
8564
8564
204
8564
8564
8564
1950
8564
279
204
420
1950
8564
189
190
1950
194
8564
198
8564
8564
8564
204
619
567
8564
234
8564
8564
8564
204
194
409
198
8564
8564
8564
8564
8564
204
826
194
198
8564
204
8564
8564
8564
221
8564
567
8564
8564
8564
8564
216
8564
8564
8564
567
8564
8564
8564
216
194
198
8564
204
8564
201
8564
8564
204
8564
500
8564
420
1015
8564
188
8564
216
826
194
198
8564
8564
500
8564
201
8564
8564
8564
204
8564
2298
8564
8564
826
1950
8564
420
1950
8564
279
204
8564
8564
8564
420
8564
8564
8564
420
8564
8564
8564
420
8564
8564
8564
216
420
1950
8564
2298
8564
8564
8564
826
1950
8564
420
1950
8564
279
204
8564
8564
8564
420
8564
8564
8564
420
8564
8564
8564
420
8564
8564
8564
216
8564
8564
8564
420
8564
8564
8564
2298
8564
8564
826
1950
8564
420
1950
8564
279
204
8564
8564
8564
420
8564
8564
8564
420
8564
8564
8564
420
8564
8564
8564
216
420
1950
8564
2298
8564
826
1950
8564
420
1950
8564
2298
8564
8564
8564
8564
826
1950
8564
420
1950
8564
2298
8564
826
1950
1950
194
8564
619
567
8564
826
1950
8564
420
1950
8564
2298
8564
8564
8564
279
8564
204
8564
1950
8564
420
1950
8564
1950
3837
3837
279
8564
8564
8564
204
8564
2298
8564
8564
279
8564
204
8564
1950
8564
279
8564
8564
204
8564
1950
8564
2298
1950
8564
231
232
8564
8564
826
420
1015
8564
279
204
8564
8564
8564
420
8564
8564
8564
420
8564
8564
8564
420
8564
8564
8564
216
420
1950
8564
2298
8564
8564
826
420
1015
8564
279
204
8564
8564
8564
420
8564
8564
8564
420
8564
8564
8564
420
8564
8564
8564
216
420
1950
8564
2298
8564
8564
8564
8564
279
8564
204
3837
279
8564
8564
204
8564
1950
8564
420
1950
8564
1950
3837
420
1015
8564
198
204
198
8564
204
420
1950
8564
1950
3837
216
420
1950
8564
279
8564
204
8564
1950
8564
420
1950
8564
1950
3837
3837
279
8564
8564
204
8564
2298
8564
8564
8564
279
8564
204
567
8564
216
1950
8564
279
8564
8564
204
8564
420
1950
8564
279
204
567
4846
198
8564
8564
204
8564
2298
8564
8564
8564
8564
279
8564
204
420
1015
8564
513
198
8564
8564
8564
204
420
1015
8564
630
8564
204
420
1950
8564
1950
3837
216
198
8564
204
420
1950
8564
279
8564
204
3837
279
8564
204
8564
1950
8564
420
1950
8564
1950
3837
420
1015
8564
198
204
198
8564
204
420
1950
8564
1950
3837
216
420
1950
8564
279
8564
204
8564
1950
8564
420
1950
8564
1950
3837
3837
279
8564
8564
204
1950
3837
8564
216
8564
2298
8564
8564
279
204
8564
194
198
8564
204
1950
8564
8564
216
8564
2298
8564
8564
8564
252
198
204
1950
8564
216
8564
420
1950
8564
8564
8564
2298
8564
1950
8564
420
1950
8564
279
190
1950
8564
8564
2298
8564
8564
8564
8564
8564
8564
8564
279
8564
204
8564
1950
8564
8564
8564
279
8564
8564
8564
204
8564
8564
8564
8564
8564
2298
8564
420
1015
8564
513
8564
2298
8564
8564
420
1015
8564
252
1137
8564
1950
8564
420
1950
8564
8564
8564
194
198
204
3604
826
1950
8564
420
1950
8564
420
8564
8564
8564
420
8564
8564
8564
420
8564
8564
8564
420
8564
8564
8564
8564
420
8564
8564
8564
2298
8564
8564
8564
8564
8564
8564
8564
8564
8564
8190
8564
420
1015
8564
252
1137
8564
1950
8564
8564
8564
8564
194
198
204
3604
826
1950
8564
420
1950
8564
420
8564
8564
8564
420
8564
8564
8564
420
8564
8564
8564
420
8564
8564
8564
8564
420
8564
8564
8564
2298
8564
8564
8564
8564
8564
8564
8564
8564
826
194
198
204
8564
279
204
420
1015
8564
8564
409
198
8564
204
8564
279
8564
8564
204
8564
1950
8564
8564
279
8564
8564
204
8564
8564
216
8564
8564
8564
8564
8564
216
192
8564
8564
2298
3604
231
232
8564
8564
8564
8564
8564
8564
8564
8564
8564
8564
8564
8564
8564
8564
8564
8564
8564
8564
8564
8564
8564
3722
8564
8564
8564
8564
8564
8564
8564
8564
8564
8564
8564
8564
8564
8564
8564
8564
8564
8564
8564
8564
8564
8564
8564
8564
8564
8564
8564
8564
8564
8564
8564
8564
8564
8564
8564
8564
8564
8564
8564
8564
8564
8564
8564
8564
8564
8564
3722
8564
8564
8564
8564
1950
8564
8564
8564
420
1950
8564
279
279
424
204
8564
8564
8564
8564
8564
216
8564
8564
8564
8564
1209
8190
8564
1950
8564
8564
8564
216
8564
8564
420
1015
8564
252
420
1015
8564
252
1137
827
8564
619
1950
8564
279
204
8564
8564
1137
619
1950
8564
420
8564
1950
8564
279
420
1950
8564
279
424
204
8564
5224
420
540
8564
8564
8564
8564
8564
8564
8564
204
8564
586
8564
8564
8564
8564
8564
8564
8564
8564
8564
8564
8564
8564
204
420
8564
500
8564
252
1137
8564
1950
8564
8564
252
1137
8564
1950
8564
8564
8564
1137
619
1950
8564
8564
8564
8564
216
8564
586
192
1137
619
1950
8564
279
8564
8564
8564
8564
8564
8564
8564
8564
8564
8564
8564
204
8564
8564
8564
8564
8564
567
8564
234
8564
8564
8564
8564
8564
8564
204
8564
8564
8564
8564
8564
1047
234
204
420
1015
8564
198
204
8564
5224
540
8564
1209
8564
8564
8564
204
8190
8564
8564
1950
8564
8564
8564
8564
216
8564
8564
8564
1137
619
1950
8564
368
8564
8564
194
198
8564
204
826
420
1950
8564
279
204
192
194
198
8564
8564
8564
8564
204
8564
201
204
8564
198
204
8564
8564
756
204
8564
8564
687
8564
204
8564
201
204
8564
216
1209
8564
1137
619
8564
420
8564
8564
8564
8564
8564
8564
8564
216
8564
8564
826
194
198
204
8564
567
8564
8564
8564
8564
8564
201
204
8564
8564
513
252
619
567
8564
234
8564
204
8564
216
8564
826
1950
8564
420
1950
8564
8564
8564
420
8564
8564
8564
8564
8564
420
8564
8564
8564
420
1950
8564
8564
8564
5224
540
8564
8564
8564
204
1209
8190
8564
1950
1015
8564
188
8564
8564
216
8564
8564
420
1015
8564
252
1137
505
827
8564
619
1950
8564
279
204
8564
1209
1137
619
1950
8564
420
8564
420
1950
8564
279
8564
8564
8564
8564
8564
204
567
8564
234
8564
8564
8564
8564
8564
8564
8564
8564
8564
8564
8564
204
8564
8564
515
8564
8564
8564
8564
8564
8564
8564
515
8564
8564
8564
193
193
4687
619
8564
8564
420
1950
8564
977
279
424
204
8564
8564
8564
8564
8564
216
1950
3837
216
188
8564
194
198
8564
8564
8564
204
420
884
8564
190
5224
5224
193
420
4687
193
619
884
8564
190
5224
5224
193
420
4687
193
619
884
8564
190
194
194
194
194
194
194
8564
8564
8564
8564
216
8564
8564
8564
8564
8564
216
8564
8564
8564
8564
500
8564
8564
8564
8564
8564
216
8564
8564
500
8564
8564
8564
8564
8564
216
8564
8564
8564
8564
8564
8564
8564
8564
8564
216
8564
500
1015
8564
252
1137
8564
1950
8564
8564
252
1137
8564
1950
8564
8564
8564
1209
1137
619
1950
8564
8564
8564
8564
8564
216
8564
8564
8564
8564
279
417
424
204
1209
420
8564
216
8564
1137
619
1950
8564
8564
194
198
204
8564
216
8564
332
420
8564
204
8564
3837
8564
8564
194
198
204
198
8564
204
8564
8564
1950
8564
540
8564
204
279
8564
204
8564
1950
8564
8564
279
8564
8564
204
8564
8564
8564
8564
8564
8564
8564
8564
8564
216
1950
8564
279
8564
204
8564
1950
8564
8564
279
8564
8564
204
8564
8564
8564
8564
826
1015
8564
8564
8564
8564
8564
8564
8564
883
194
653
198
586
8564
216
1950
8564
279
8564
204
8564
1950
8564
8564
279
8564
8564
204
8564
8564
8564
8564
8564
216
8564
2298
8564
8564
8564
279
204
1209
8564
8564
216
8564
8564
1137
619
1950
8564
8564
8564
8564
420
420
8564
189
8564
8564
204
279
8564
204
8564
8564
8564
1354
1950
8564
279
8564
8564
204
8564
8564
216
8564
8564
8564
8564
8564
8564
8564
8564
252
8564
420
8564
8564
8564
8564
420
8564
8564
8564
2298
8564
8564
8564
8564
8564
8564
8564
8564
8564
515
8564
8564
8564
420
1950
8564
193
420
4687
619
884
8564
190
1950
8564
8564
8564
420
1950
8564
193
420
1950
8564
193
420
4687
619
884
8564
190
8564
8564
420
1950
8564
193
420
1950
8564
193
420
4687
619
884
8564
190
8564
8564
2298
8564
8564
8564
8564
8564
8564
8564
420
1015
8564
409
188
198
8564
8564
204
420
1950
8564
8564
567
8564
252
2298
420
1950
8564
420
1950
8564
8564
567
8564
420
1015
8564
198
204
188
198
8564
8564
204
420
1950
8564
567
8564
252
2298
279
204
420
1015
8564
198
8564
204
8564
8564
420
420
1015
8564
252
1137
8564
1950
8564
8564
2298
8564
2298
420
1950
8564
420
1950
8564
567
8564
252
1950
8564
279
8564
8564
204
8564
420
1950
8564
567
8564
1950
8564
279
8564
8564
204
252
8564
216
8564
2298
8564
8564
8564
8564
8564
8564
8564
8564
1345
8564
8564
8564
8564
8564
8564
8564
8564
8564
234
8564
204
8564
8564
8564
204
8564
8564
8564
8564
216
8564
8564
8564
567
4972
252
420
1950
8564
420
1950
8564
420
279
8564
8564
8564
8564
204
194
8564
216
8564
8564
8564
216
8564
8564
8564
8564
8564
8564
826
8564
8564
8564
8564
8564
8564
8564
8564
194
198
8564
8564
204
8564
194
198
8564
204
8564
192
8564
279
8564
8564
8564
204
8564
8564
8564
216
8564
1950
8564
8564
279
8564
8564
8564
204
8564
8564
8564
8564
8564
8564
8564
8564
8564
8564
826
192
2298
8564
8564
8564
8564
8564
8564
420
1015
8564
198
204
8564
194
198
8564
204
8564
8564
216
826
826
826
8564
8564
204
8564
8564
8564
216
192
8564
8564
3837
8564
8564
8564
3837
8564
8564
8564
279
8564
8564
8564
8564
204
8564
567
567
4846
252
2298
8564
1015
8564
2298
8564
1950
8564
3604
8564
8564
8564
8564
8564
1345
8564
8564
204
3604
8564
8564
1006
871
8564
8564
8564
8564
2298
8564
8564
8564
8564
8564
8564
8564
8564
8564
8564
8564
8564
8564
8564
8564
194
198
204
8564
8564
8564
216
8564
8564
8564
8564
8564
8564
204
500
8564
8564
216
8564
8564
1047
4686
420
567
8564
8564
8564
204
279
204
420
567
8564
640
8564
8564
8564
8564
8564
204
8564
194
8564
8564
8564
8564
216
8564
500
8564
8564
216
8564
2298
8564
8564
8564
8564
8564
1345
8564
420
1950
8564
1950
8564
420
1950
8564
567
245
8564
198
8564
204
826
1015
8564
198
8564
204
826
1015
8564
8564
871
8564
194
198
8564
204
8564
198
8564
8564
204
8564
2298
8564
500
8564
3604
8564
500
8564
3604
8564
8564
8564
8564
8564
8564
8564
8564
8564
8564
8564
8564
1345
403
8564
8564
204
420
1950
8564
8564
8564
8564
216
8564
8564
420
540
8564
8564
8564
8564
8564
204
8564
8564
1137
619
1950
8564
420
1950
8564
567
8564
198
8564
8564
204
8564
8564
198
8564
8564
204
8564
198
8564
8564
204
871
8564
194
198
8564
204
8564
8564
8564
8564
420
1950
8564
1950
8564
420
1950
8564
8564
188
192
192
8564
194
198
8564
204
8564
500
8564
8564
216
8564
500
8564
192
619
1950
8564
420
1950
8564
8564
8564
216
8564
2298
231
232
8564
8564
8564
8564
8564
1345
8564
420
1950
8564
1950
8564
420
1950
8564
420
1015
8564
567
245
8564
241
8564
8564
8564
201
204
8564
8564
8564
8564
8564
3837
8564
8564
216
8564
2298
826
1015
8564
198
8564
204
826
1015
8564
8564
871
8564
194
198
8564
198
8564
8564
204
8564
500
8564
3604
8564
500
8564
3604
8564
8564
8564
8564
8564
8564
8564
8564
8564
8564
8564
8564
8564
8564
8564
8564
8564
8564
1345
8564
8564
420
1950
8564
403
8564
8564
8564
8564
8564
204
8564
8564
420
540
8564
8564
8564
8564
8564
204
8564
8564
1137
619
1950
8564
420
1950
8564
567
8564
198
8564
8564
204
8564
8564
198
8564
8564
204
8564
500
8564
192
619
1950
8564
420
1950
8564
8564
8564
216
8564
8564
1950
8564
420
1950
8564
1209
192
192
8564
194
198
204
826
1015
8564
198
8564
204
8564
8564
8564
8564
8564
8564
8564
8564
8564
204
8564
8564
1006
871
8564
8564
8564
8564
192
8564
216
8564
8564
567
8564
8564
1950
3837
279
8564
8564
204
8564
1950
8564
420
1950
8564
8564
194
198
204
826
1015
8564
513
630
204
8564
500
8564
8564
8564
8564
216
8564
8564
198
204
1209
8564
8564
8564
8564
216
8564
279
204
8564
1950
8564
420
1950
8564
8564
8564
216
8564
567
8564
8564
8564
216
8564
500
8564
1950
8564
420
1950
8564
8564
8564
8564
8564
216
8564
8564
8564
8564
567
8564
8564
216
8564
192
2298
8564
8564
8564
8564
8564
8564
8564
8564
8564
8564
8564
8564
8564
8564
8564
8564
1345
8564
8564
8564
204
8564
279
204
420
1950
8564
1950
8564
420
1950
8564
567
8564
198
8564
204
8564
8564
420
1950
8564
279
204
279
8564
204
420
1015
8564
756
8564
204
188
640
403
8564
8564
8564
204
8564
8564
1006
871
8564
8564
8564
8564
194
198
8564
8564
204
8564
2298
279
8564
204
8564
8564
8564
194
198
8564
8564
487
8564
216
192
420
8564
8564
8564
216
8564
8564
8564
420
1015
8564
198
8564
586
889
420
1015
8564
198
8564
586
889
420
1015
8564
198
8564
586
889
1015
8564
198
8564
586
889
192
420
420
540
8564
8564
8564
8564
204
1137
8564
8564
216
1552
8564
279
8564
204
8564
473
420
619
8564
8564
216
8564
8564
619
1015
8564
198
8564
586
506
192
420
540
8564
8564
8564
8564
204
8564
192
8564
216
8564
1950
8564
3604
8564
8564
8564
8564
216
8564
8564
8564
8564
216
8564
8564
8564
8564
8564
8564
8564
8564
8564
8564
8564
8564
8564
8564
8564
8564
8564
8564
8564
8564
8564
8564
8564
8564
8564
279
8564
204
8564
420
1950
8564
420
1015
8564
756
8564
204
188
420
1209
8564
1209
8564
8564
8564
8564
8564
216
8564
8564
8564
8564
8564
8564
8564
8564
216
8564
8564
1950
3837
8564
188
8564
8564
216
8564
8564
333
1137
505
420
488
8564
8564
8564
8564
8564
8564
204
8564
8564
8564
8564
420
1015
8564
198
8564
8564
204
8564
8564
8564
3732
8564
279
8564
8564
8564
204
8564
8564
8564
8564
8564
216
8564
1015
8564
8564
567
245
8564
241
500
8564
201
8564
204
188
8564
8564
500
8564
8564
8564
8564
8564
8564
216
8564
241
500
8564
201
204
192
1209
8564
1209
8564
8564
8564
216
8564
8564
8564
8564
8564
8564
8564
8564
1950
3837
8564
216
8564
8564
8564
567
245
8564
241
500
8564
1950
3837
8564
201
8564
8564
8564
8564
204
8564
8564
567
245
8564
241
500
8564
201
8564
204
8564
8564
500
8564
8564
8564
8564
8564
8564
216
826
1015
8564
198
8564
8564
8564
8564
8564
204
8564
8564
826
1015
8564
198
8564
8564
8564
204
8564
8564
8564
8564
216
8564
192
2298
8564
8564
8564
8564
8564
1345
279
8564
204
8564
8564
3837
8564
826
8564
8564
420
1950
8564
1950
8564
420
1015
8564
8564
420
1950
8564
1950
1950
8564
8564
216
8564
8564
8564
3582
245
8564
241
8564
8564
8564
201
204
8564
8564
8564
3837
8564
8564
8564
8564
8564
8564
8564
8564
8564
8564
8564
3582
245
8564
241
8564
8564
8564
8564
8564
8564
8564
8564
3837
8564
8564
8564
826
1015
8564
198
8564
204
826
1015
8564
8564
871
8564
194
198
8564
198
8564
204
8564
500
8564
216
8564
8564
3837
8564
216
8564
500
8564
216
3604
8564
8564
420
1950
8564
1950
8564
420
1950
8564
420
1950
8564
420
1950
8564
420
1015
8564
567
245
567
245
8564
198
204
188
8564
500
8564
3604
3604
8564
8564
8564
8564
8564
8564
1345
8564
8564
3837
8564
8564
8564
241
8564
8564
194
8564
201
204
8564
8564
8564
8564
8564
8564
8564
3582
245
8564
241
8564
8564
8564
8564
8564
8564
8564
8564
3837
8564
8564
216
826
1015
8564
198
8564
204
826
1015
8564
8564
871
8564
194
198
8564
198
8564
8564
204
8564
8564
8564
216
8564
500
8564
8564
216
8564
2298
8564
8564
8564
8564
8564
8564
8564
8564
198
204
8564
500
8564
8564
216
8564
8564
8564
8564
216
8564
2298
8564
8564
3722
8564
3722
3722
8564
8564
8564
8564
8564
8564
8564
8564
8564
8564
8564
8564
8564
3722
279
8564
8564
204
420
1950
8564
8564
8564
216
8564
192
255
8564
8564
8564
216
8564
8564
8564
420
189
8564
8564
8564
8564
8564
204
8564
8564
8564
8564
1137
619
1950
8564
420
1950
8564
567
8564
198
204
8564
198
204
8564
198
8564
8564
8564
204
8564
198
204
8564
198
204
8564
198
204
8564
198
8564
204
420
567
8564
8564
8564
234
8564
8564
204
192
255
8564
8564
8564
216
192
255
8564
8564
8564
216
192
255
8564
8564
8564
216
420
567
8564
8564
8564
234
8564
8564
204
192
255
8564
8564
8564
216
420
567
8564
8564
8564
234
8564
8564
204
192
255
8564
8564
8564
216
8564
8564
8564
192
8564
194
198
204
8564
500
8564
8564
216
8564
8564
8564
8564
194
198
8564
204
8564
8564
8564
8564
8564
8564
8564
216
8564
279
8564
204
8564
8564
8564
1950
3837
8564
216
8564
8564
8564
8564
216
8564
2298
8564
500
8564
500
8564
8564
216
8564
500
8564
8564
216
8564
8564
8564
8564
8564
8564
8564
8564
1345
8564
8564
8564
8564
204
8564
8564
1006
871
8564
8564
8564
8564
192
8564
216
8564
279
8564
279
424
204
8564
8564
8564
8564
8564
8564
1950
216
2298
8564
8564
8564
8564
8564
8564
8564
1950
8564
194
198
204
8564
8564
216
3604
8564
8564
8564
8564
8564
8564
8564
8564
1345
1345
8564
8564
8564
8564
204
8564
279
8564
204
420
1950
8564
1950
8564
420
1950
8564
871
8564
194
198
8564
8564
204
8564
252
8564
8564
420
1950
8564
420
1015
8564
252
2383
189
204
198
204
3732
194
198
8564
204
8564
8564
420
1950
8564
279
204
279
8564
204
8564
8564
420
1950
8564
420
1950
8564
1015
8564
420
1015
8564
513
670
252
640
1950
8564
8564
216
8564
8564
1006
871
8564
8564
8564
8564
192
194
198
8564
8564
8564
204
8564
1352
194
198
204
8564
8564
8564
216
8564
500
8564
8564
420
1950
8564
420
1015
8564
252
2383
8564
8564
216
8564
2298
8564
8564
8564
8564
8564
8564
8564
8564
8564
8564
8564
8564
420
1950
8564
279
204
420
1950
8564
420
1015
8564
420
1015
8564
420
1015
8564
765
858
690
8564
8564
8564
8564
8564
8564
8564
756
204
252
198
690
773
188
190
188
333
506
192
192
8564
216
8564
8564
8564
8564
8564
8564
8564
8564
8564
420
1950
8564
420
1015
8564
756
8564
204
1209
188
420
8564
420
1950
420
1950
8564
8564
8564
8564
216
8564
333
8564
8564
420
1950
8564
420
1015
8564
252
420
8564
488
8564
8564
8564
8564
8564
204
8564
8564
8564
8564
473
619
420
1015
8564
420
1015
8564
188
420
1015
8564
188
420
1950
8564
949
188
188
1137
641
192
2095
192
8564
8564
8564
8564
198
204
8564
333
619
8564
1015
8564
756
204
188
513
879
773
756
756
8564
487
8564
8564
216
8564
8564
4024
619
567
8564
1013
1137
619
8564
8564
4689
687
8564
8564
420
540
8564
204
8564
8564
8564
8564
8564
1015
8564
756
8564
8564
204
8564
8564
420
1950
8564
420
1015
8564
188
194
8564
333
8564
252
488
8564
8564
204
8564
8564
8564
216
3604
8564
8564
8564
8564
8564
8564
8564
1345
8564
8564
8564
8564
204
8564
8564
1006
871
8564
8564
8564
8564
8564
216
8564
194
198
8564
279
424
204
8564
8564
420
1950
8564
279
8564
204
1015
8564
420
1950
8564
420
1015
8564
513
670
252
640
8564
216
8564
1950
8564
216
2298
8564
8564
8564
8564
8564
8564
8564
8564
8564
8564
8564
1345
8564
8564
204
8564
420
1950
8564
279
8564
8564
8564
204
8564
8564
420
1015
8564
420
1015
8564
420
1950
8564
420
1015
8564
765
858
4656
883
878
252
420
1015
8564
252
2383
332
8564
204
188
3732
194
198
8564
204
8564
8564
8564
8564
216
8564
8564
1006
871
8564
8564
8564
8564
194
198
8564
8564
204
8564
8564
420
1950
8564
279
8564
8564
8564
8564
204
8564
8564
420
1950
8564
420
1015
8564
412
8564
204
279
8564
204
1015
8564
420
1950
8564
420
1015
8564
513
670
252
640
1950
8564
8564
216
8564
8564
567
8564
8564
8564
216
8564
2298
188
8564
8564
8564
8564
8564
3732
194
198
8564
8564
8564
204
8564
8564
8564
8564
8564
8564
1345
8564
8564
8564
8564
204
8564
8564
1006
871
8564
8564
8564
8564
8564
216
8564
194
198
8564
279
424
204
8564
8564
420
1950
8564
420
1015
8564
252
2383
333
1950
8564
216
2298
8564
8564
8564
8564
8564
8564
8564
8564
8564
8564
8564
8564
8564
8564
8564
8564
8564
8564
8564
194
198
204
8564
216
8564
8564
8564
8564
8564
8564
8564
8564
8564
420
1950
8564
420
1015
8564
630
8564
8564
8564
8564
204
8564
8564
8564
8564
420
567
8564
8564
192
8564
234
8564
204
647
194
878
188
8564
216
8564
420
1950
8564
1137
619
1950
8564
194
8564
194
8564
420
8564
8564
420
1950
8564
420
1015
8564
252
2383
189
8564
8564
8564
8564
204
3604
8564
8564
8564
8564
8564
8564
8564
8564
1345
8564
8564
8564
204
8564
8564
420
1950
8564
1015
8564
547
198
8564
204
279
8564
8564
8564
204
8564
2298
8564
8564
1006
871
8564
8564
8564
8564
194
198
8564
8564
204
8564
8564
216
198
8564
204
279
8564
8564
204
8564
1950
8564
3604
231
232
8564
8564
8564
420
1950
8564
1015
8564
409
198
8564
204
8564
8564
8564
8564
8564
8564
8564
8564
8564
8564
8564
8564
8564
8564
8564
8564
8564
8564
8564
8564
8564
8564
8564
8564
8564
8564
8564
8564
8564
420
1950
8564
279
204
8564
8564
8564
8564
8564
8564
216
3604
231
232
8564
8564
3722
8564
8564
8564
8564
8564
8564
8564
8564
8564
204
8564
420
1950
8564
1950
8564
420
1950
8564
420
1015
8564
8564
8564
8564
8564
8564
216
8564
420
1950
8564
1950
8564
420
1950
8564
420
1015
8564
8564
8564
8564
8564
216
8564
8564
8564
3604
8564
8564
8564
8564
8564
8564
1345
8564
8564
8564
8564
204
8564
8564
1006
871
8564
8564
8564
8564
8564
216
8564
194
198
8564
279
424
204
8564
8564
420
1950
8564
420
1950
8564
216
2298
8564
8564
8564
8564
8564
420
1950
8564
279
204
8564
8564
8564
420
1950
8564
279
8564
8564
204
8564
8564
420
567
8564
234
1950
8564
8564
8564
420
1015
8564
194
8564
333
192
420
1950
8564
279
8564
8564
204
8564
8564
8564
216
3604
8564
8564
8564
8564
8564
8564
8564
8564
8564
8564
8564
8564
8564
8564
8564
3604
8564
8564
8564
8564
8564
8564
8564
8564
8564
8564
3604
3604
8564
8564
8564
8564
8564
8564
8564
8564
1352
194
198
204
8564
3604
3604
8564
8564
8564
8564
8564
8564
8564
8564
8564
1352
194
198
8564
204
8564
8564
216
8564
2298
8564
8564
8564
8564
8564
8564
8564
420
1950
8564
1950
8564
420
1950
8564
8564
8564
420
1950
8564
420
1950
8564
8564
8564
192
194
630
204
473
8564
1950
8564
8564
1950
8564
567
8564
8564
567
8564
198
8564
204
8564
500
8564
8564
216
500
8564
8564
8564
216
8564
2298
8564
8564
8564
8564
3604
8564
279
204
1950
8564
216
3604
8564
8564
8564
8564
8564
8564
8564
8564
8564
188
8564
8564
8564
204
1950
8564
216
8564
8564
420
1950
8564
567
8564
500
8564
8564
420
1950
8564
279
420
8564
204
8564
8564
8564
420
1950
8564
567
4972
252
8564
513
8564
420
1950
8564
279
204
567
8564
500
8564
420
1950
8564
279
204
567
8564
500
8564
420
1950
8564
279
204
567
8564
500
8564
420
1950
8564
279
204
567
8564
500
8564
420
1950
8564
279
204
567
8564
500
8564
420
1950
8564
279
204
567
8564
500
8564
420
1950
8564
279
204
567
8564
500
8564
420
1950
8564
279
204
567
8564
500
8564
420
1950
8564
279
204
567
8564
500
8564
1950
8564
279
204
567
8564
500
8564
216
8564
3604
8564
826
826
8564
194
198
8564
204
3604
527
232
8564
420
1950
8564
1950
8564
420
1950
8564
8564
8564
1950
3837
279
204
8564
194
198
8564
204
826
826
826
216
3604
8564
8564
8564
8564
8564
8564
8564
204
8564
8564
8564
8564
8564
3837
8564
8564
8564
3837
8564
8564
8564
500
8564
3604
8564
8564
8564
8564
8564
8564
8564
3722
1345
8564
8564
8564
204
8564
8564
8564
216
8564
8564
3837
8564
8564
8564
3837
8564
8564
8564
204
420
1950
8564
1950
8564
420
1950
8564
567
8564
8564
192
194
198
8564
8564
204
8564
2298
368
8564
1006
871
8564
8564
500
8564
8564
192
194
198
8564
8564
8564
204
8564
8564
8564
8564
756
204
293
8564
2298
8564
2298
8564
8564
8564
8564
8564
8564
8564
8564
8564
1345
1345
826
8564
194
8564
198
204
192
279
204
279
8564
8564
8564
204
420
1950
8564
1950
8564
420
1950
8564
871
8564
194
198
8564
8564
204
8564
188
332
204
8564
8564
8564
216
8564
500
826
8564
8564
216
8564
1950
8564
420
1950
8564
871
8564
194
198
8564
8564
204
8564
198
8564
204
513
8564
188
8564
216
8564
420
1950
8564
420
1950
8564
871
8564
194
198
8564
8564
204
8564
8564
188
332
8564
8564
204
8564
8564
8564
216
765
188
8564
8564
8564
216
8564
8564
826
194
1015
8564
194
420
1015
8564
420
1950
8564
279
8564
204
1137
505
1950
8564
8564
216
8564
2298
8564
8564
420
1950
8564
420
1015
8564
756
204
1015
8564
8564
216
8564
8564
194
670
8564
279
204
8564
333
513
670
188
567
8564
192
8564
194
496
8564
204
3604
8564
8564
8564
8564
8564
8564
500
8564
3604
8564
8564
8564
8564
3722
8564
8564
3722
8564
8564
8564
8564
8564
1345
3722
8564
201
8564
8564
8564
420
1950
8564
279
824
198
204
204
198
204
8564
198
204
188
826
194
198
8564
8564
204
8564
188
858
198
204
564
250
756
8564
204
8564
8564
858
188
8564
8564
216
8564
204
8564
8564
657
8564
8564
8564
216
8564
8564
657
8564
8564
8564
216
8564
8564
8564
500
8564
8564
216
8564
2298
192
279
8564
204
8564
697
8564
8564
216
8564
8564
500
8564
8564
216
306
8564
8564
8564
215
527
232
8564
8564
8564
8564
8564
8564
8564
8564
8564
1345
1345
279
204
420
1950
8564
1950
8564
420
1950
8564
871
8564
194
198
8564
8564
204
8564
188
8564
8564
216
8564
8564
8564
8564
204
8564
8564
8564
8564
192
194
8564
8564
8564
216
8564
8564
194
657
8564
8564
8564
194
198
8564
204
279
204
8564
8564
216
8564
871
8564
1006
871
8564
8564
252
8564
8564
192
194
198
8564
8564
204
188
8564
8564
8564
216
8564
8564
8564
8564
8564
8564
194
657
192
8564
8564
216
8564
2298
8564
8564
8564
8564
8564
8564
1345
1345
1345
1345
1345
1345
8564
8564
871
8564
194
630
8564
204
871
8564
194
630
8564
204
871
8564
194
198
8564
204
8564
198
8564
204
826
194
198
204
8564
194
198
204
567
8564
198
8564
204
8564
500
8564
194
198
8564
204
871
8564
194
198
8564
204
8564
8564
653
8564
8564
194
198
204
8564
194
198
204
8564
194
198
204
8564
564
8564
253
8564
216
871
8564
194
198
8564
204
756
204
188
8564
8564
253
188
8564
279
8564
8564
204
8564
8564
198
204
8564
8564
198
8564
204
8564
8564
216
8564
194
198
204
8564
8564
8564
204
871
8564
198
8564
204
8564
8564
216
8564
194
198
204
8564
8564
8564
204
871
8564
198
8564
204
8564
8564
216
8564
8564
204
8564
216
8564
8564
8564
216
8564
564
8564
253
8564
8564
194
198
8564
204
8564
253
8564
8564
194
198
8564
204
8564
8564
8564
188
8564
188
8564
1950
3837
279
8564
8564
8564
204
8564
8564
8564
8564
216
8564
2298
231
232
8564
8564
8564
8564
8564
8564
8564
8564
8564
8564
8564
8564
8564
1047
234
204
8564
8564
8564
8564
8564
8564
8564
8564
216
8564
8564
1209
567
8564
8564
8564
252
2298
8564
420
1015
8564
252
420
1950
8564
619
8564
8564
8564
586
2298
8564
8564
8564
8564
279
204
8564
8564
216
8564
8564
216
8564
8564
420
1015
8564
756
204
188
1137
8564
216
8564
619
420
1015
8564
188
420
1950
8564
194
8564
420
540
8564
8564
204
3604
8564
1345
8564
8564
1345
1345
8564
1345
8564
8564
8564
1345
8564
8564
8564
8564
8564
8564
567
8564
8564
198
204
8564
8564
8564
657
8564
8564
8564
216
8564
252
2298
547
8564
8564
8564
8564
409
8564
8564
216
1209
8564
8564
8564
858
547
198
4881
8564
8564
8564
547
198
8564
8564
8564
8564
204
8564
8564
279
204
420
1950
8564
279
204
420
1015
8564
8564
216
826
1015
8564
8564
194
198
204
8564
8564
198
8564
204
8564
216
8564
8564
216
8564
234
8564
8564
204
826
8564
8564
216
826
8564
8564
8564
216
8564
8564
1015
8564
8564
8564
8564
216
8564
8564
8564
619
420
1950
8564
420
1015
8564
420
1015
8564
8564
333
8564
216
8564
8564
216
8564
420
540
8564
8564
204
8564
8564
619
420
1950
8564
567
8564
8564
420
1015
8564
198
204
657
8564
216
420
1015
8564
198
204
657
8564
216
8564
8564
8564
8564
8564
2298
8564
8564
8564
8564
8564
8564
198
8564
204
198
8564
8564
204
8564
567
8564
8564
8564
252
2298
8564
8564
2298
8564
8564
8564
8564
8564
8564
8564
8564
8564
8564
204
8564
8564
8564
216
8564
8564
567
4846
198
204
420
1950
8564
279
8564
8564
8564
8564
204
8564
2298
201
204
420
1015
8564
252
827
194
198
8564
8564
204
420
1950
8564
279
8564
8564
8564
8564
204
420
567
8564
724
234
8564
8564
204
420
1950
8564
279
8564
204
8564
8564
194
198
8564
8564
8564
204
8564
420
1015
8564
198
8564
204
420
567
8564
8564
234
204
420
1950
8564
1950
3837
216
204
1137
505
420
1950
8564
420
567
8564
4686
8564
8564
216
420
1015
8564
858
8564
8564
216
8564
8564
8564
8564
8564
8564
8564
8564
204
8564
567
8564
8564
216
8564
8564
567
4846
198
204
420
1950
8564
279
8564
8564
8564
8564
204
420
567
8564
724
234
8564
8564
204
420
1950
8564
279
204
192
194
198
8564
8564
204
420
1015
8564
198
8564
8564
204
420
1950
8564
1950
3837
8564
8564
8564
216
8564
724
8564
8564
216
8564
2298
8564
8564
8564
8564
8564
8564
8564
8564
204
8564
8564
8564
216
8564
8564
567
4846
198
204
420
1950
8564
279
8564
8564
8564
8564
204
420
567
8564
8564
234
8564
204
420
1015
8564
194
412
8564
204
513
630
204
198
8564
8564
204
420
1950
8564
8564
8564
216
420
1950
8564
279
8564
8564
204
8564
2298
420
1015
8564
1194
8564
8564
216
8564
8564
216
8564
8564
8564
8564
8564
8564
8564
8564
8564
8564
234
8564
204
8564
8564
216
8564
8564
8564
8564
204
8564
8564
8564
216
567
8564
216
8564
420
1950
8564
279
8564
8564
8564
204
8564
8564
420
1015
8564
858
198
204
420
1015
8564
409
198
8564
204
547
198
8564
8564
216
420
1015
8564
198
8564
567
8564
216
567
8564
420
1950
8564
567
8564
234
204
8564
8564
8564
216
1011
8564
567
8564
234
8564
204
8564
8564
8564
216
8564
8564
697
420
8564
4024
1137
505
420
619
567
8564
724
234
8564
204
1013
8564
194
198
204
192
8564
8564
216
567
8564
1013
8564
8564
216
8564
8564
567
194
8564
567
8564
234
8564
8564
204
8564
216
8564
2298
8564
567
567
4846
252
2298
8564
8564
8564
8564
8564
8564
8564
204
8564
567
8564
8564
216
8564
8564
567
4846
198
204
1950
8564
420
279
8564
8564
8564
8564
204
420
1015
8564
858
188
8564
216
8564
2298
8564
1345
1345
8564
8564
8564
8564
8564
8564
204
8564
8564
8564
216
8564
8564
567
4846
198
204
420
1950
8564
279
8564
8564
8564
8564
204
420
567
8564
8564
234
8564
204
420
1015
8564
198
8564
204
420
1015
8564
8564
216
420
1950
8564
279
757
8564
216
8564
188
2298
8564
8564
8564
8564
8564
8564
204
255
567
8564
724
8564
420
1950
8564
279
420
8564
8564
204
8564
1015
8564
198
8564
204
255
567
8564
8564
234
204
420
1950
8564
1950
3837
216
420
1950
8564
420
1950
8564
279
204
420
1950
8564
279
204
8564
216
8564
2298
8564
8564
8564
8564
8564
8564
8564
8564
8564
204
8564
8564
8564
216
420
1950
8564
567
567
8564
8564
216
252
8564
216
8564
420
1950
8564
279
8564
8564
8564
204
8564
420
1015
8564
858
188
198
8564
8564
204
8564
420
1015
8564
198
204
8564
8564
8564
204
8564
567
8564
8564
216
8564
8564
567
4846
198
204
420
1950
8564
279
8564
8564
8564
204
420
1015
8564
252
827
194
198
8564
8564
204
420
1950
8564
279
204
194
198
8564
8564
204
198
8564
420
567
204
8564
8564
234
204
420
1950
8564
1950
3837
216
420
1950
8564
8564
4686
8564
8564
216
8564
2298
8564
8564
1950
8564
3604
8564
8564
8564
194
198
8564
8564
1950
8564
3604
8564
8564
8564
8564
192
180
8564
1209
8564
1950
8564
3604
8564
8564
1345
3722
567
8564
198
8564
204
8564
198
8564
204
8564
198
8564
204
8564
198
8564
204
8564
198
8564
204
8564
198
8564
204
8564
8564
8564
234
8564
8564
204
198
8564
612
8564
216
8564
1015
8564
8564
216
8564
2298
8564
8564
8564
194
198
8564
612
1015
8564
3604
8564
8564
8564
194
1015
8564
3604
8564
3722
192
279
612
564
253
567
8564
8564
8564
234
204
3604
1015
8564
3604
8564
8564
8564
194
1015
8564
3604
8564
8564
8564
194
1015
8564
3604
8564
8564
8564
8564
279
8564
204
194
756
8564
204
8564
194
198
8564
609
2298
8564
2298
8564
8564
279
8564
204
567
8564
198
8564
204
8564
198
8564
204
8564
198
8564
204
8564
198
8564
204
8564
198
8564
586
1137
8564
216
8564
2298
8564
8564
1345
8564
194
198
8564
8564
204
420
1950
8564
567
8564
198
8564
204
8564
198
8564
204
8564
198
8564
204
8564
198
8564
204
8564
198
8564
8564
8564
204
8564
1015
8564
8564
216
8564
1015
8564
8564
216
8564
2298
8564
8564
8564
279
204
194
8564
194
198
8564
609
2298
3604
8564
8564
8564
279
204
194
8564
194
198
8564
609
2298
3604
8564
279
204
8564
194
198
586
1137
2298
3604
8564
8564
194
198
8564
8564
204
420
1950
8564
8564
194
1015
8564
8564
216
8564
2298
8564
8564
8564
279
204
2383
192
2298
3604
8564
826
194
198
204
3604
3732
3604
8564
8564
1345
194
198
8564
8564
204
194
630
8564
204
420
1950
8564
279
8564
204
192
619
567
8564
1011
8564
216
8564
1015
8564
8564
216
8564
2298
8564
8564
8564
1950
3837
8564
8564
8564
8564
8564
8564
8564
8564
8564
8564
8564
3722
8564
8564
8564
8564
8564
420
1950
8564
279
204
567
8564
198
204
279
8564
8564
8564
204
8564
1209
8564
8564
8564
216
8564
8564
567
8564
198
204
8564
201
204
420
420
8564
420
8564
8564
8564
216
8564
500
8564
216
420
8564
216
8564
567
8564
1347
4972
252
756
8564
204
192
8564
8564
216
640
884
8564
8564
8564
204
8564
8564
640
192
619
567
8564
8564
1347
8564
1137
505
619
567
8564
8564
234
204
234
8564
586
8564
586
619
8564
8564
216
420
8564
8564
216
8564
8564
567
8564
198
204
8564
198
586
609
619
567
8564
216
8564
1137
8564
1950
8564
420
567
4846
198
204
333
279
8564
8564
204
194
8564
8564
8564
8564
8564
8190
8564
8564
8190
8564
8564
8190
8564
216
194
198
204
1047
619
567
8564
216
8564
500
8564
216
8564
201
8564
8564
204
279
204
8564
8564
420
8190
8564
8564
8564
420
8190
8564
8564
8564
8190
8564
8564
216
8564
8564
8564
420
8190
8564
8564
8564
420
8190
8564
8564
8564
8190
8564
8564
8564
8564
1950
8564
216
3604
8564
8564
8564
8564
252
567
4972
198
8564
204
567
4972
252
8564
216
252
675
8564
4972
252
8564
216
8564
279
204
420
619
567
8564
234
8564
204
234
826
1950
1950
194
8564
8564
204
420
619
567
8564
8564
216
8564
619
1950
221
8564
204
194
619
1950
1950
8564
216
8564
586
619
619
619
619
567
8564
2298
8564
8564
8564
8564
8564
8564
1047
234
8564
204
420
567
8564
252
198
204
826
1950
1950
8564
619
567
8564
567
8564
3837
8564
8564
204
8564
8564
420
1950
8564
420
619
567
4972
252
567
4972
252
8564
216
8564
279
204
420
619
567
8564
234
8564
204
8564
826
1950
1950
194
8564
8564
234
619
8564
204
567
8564
420
8564
216
234
8564
586
8564
1950
1950
8564
506
619
567
8564
2298
824
8564
8564
8564
8564
204
8564
2298
8564
8564
8564
8564
8564
8564
8564
8564
8564
8564
8564
8564
1209
567
8564
216
8564
8564
8564
8564
216
8564
8564
8564
8564
8564
8564
8564
8564
8564
8564
8564
8564
8564
216
8564
8564
8564
8564
252
198
8564
8564
8564
204
8564
8564
8564
194
8564
409
198
8564
8564
8564
204
194
198
8564
8564
204
198
8564
8564
204
192
198
8564
8564
8564
8564
204
8564
194
425
204
198
8564
204
198
8564
8564
204
192
194
198
8564
8564
8564
204
198
8564
204
198
8564
8564
204
8564
2298
527
232
8564
8564
8564
8564
8564
8564
8564
8564
8564
8564
8564
8564
8564
1047
234
204
8564
8564
8564
8564
8564
8564
8564
8564
216
8564
8564
2298
8564
8564
8564
417
8564
204
194
4783
1194
8564
198
204
1209
420
1015
8564
420
1950
8564
8564
8564
216
8564
8564
3838
8564
8564
216
8564
2298
8564
8564
1345
8564
8564
8564
3722
8564
188
198
8564
204
8564
194
420
1015
8564
412
8564
204
420
1015
8564
251
204
420
1015
8564
771
771
8564
204
8564
194
198
8564
8564
204
824
420
192
252
758
420
1950
8564
1950
194
8564
417
204
1209
8564
420
1950
8564
8564
8564
216
194
8564
756
204
858
188
198
8564
8564
204
8564
201
8564
204
8564
8564
8564
8564
198
8564
8564
204
188
8564
425
8564
234
8564
659
8564
216
8564
8564
420
1015
8564
8564
216
8564
8564
420
1015
8564
8564
216
8564
2298
8564
8564
8564
8564
420
1015
8564
420
1015
8564
771
8564
204
8564
192
8564
216
194
8564
4783
420
1950
8564
1950
3837
1950
3837
2298
8564
420
1015
8564
420
1015
8564
771
204
8564
2298
3604
8564
420
1015
8564
420
1015
8564
412
586
2298
8564
420
1015
8564
420
1015
8564
412
586
2298
8564
8564
8564
8564
1345
8564
8564
3722
8564
8564
8564
8564
8564
8564
8564
8564
8564
3722
1345
8564
1345
8564
8564
8564
8564
252
1345
8564
8564
420
1015
8564
198
8564
204
188
420
1015
8564
670
188
540
8564
190
8564
216
194
8564
420
1015
8564
188
332
8564
204
420
1015
8564
771
8564
204
279
8564
204
420
1950
8564
216
8564
8564
619
193
1950
194
8564
8564
409
252
619
332
8564
204
279
8564
8564
8564
204
8564
8564
8564
216
8564
420
1015
8564
8564
216
8564
332
204
1194
8564
8564
216
8564
8564
221
8564
420
1015
8564
198
204
8564
8564
216
420
1015
8564
188
660
884
8564
204
420
1950
8564
8564
420
1015
8564
8564
216
8564
8564
216
8564
8564
697
8564
647
8564
8564
8564
216
8564
8564
194
4783
619
198
8564
204
8564
189
204
619
619
8564
198
8564
204
567
8564
216
824
567
8564
630
204
252
8564
188
8564
8564
8564
216
193
279
204
619
8564
8564
188
619
619
1950
1950
194
8564
8564
216
8564
420
1015
8564
198
8564
204
420
1950
8564
8564
8564
216
8564
8564
8564
8564
8564
1950
8564
8564
8564
216
8564
8564
188
619
420
1015
8564
8564
1950
8564
420
1015
8564
8564
332
279
424
8564
204
420
1950
8564
619
8564
420
1015
8564
216
8564
824
567
8564
630
204
8564
8564
216
8564
8564
647
8564
4783
198
8564
8564
204
8564
8564
198
8564
204
8564
670
412
8564
204
513
8564
8564
8564
216
8564
8564
8564
8564
216
252
8564
4783
198
8564
8564
8564
204
8564
8564
8564
8564
216
8564
8564
188
506
192
194
8564
8564
513
8564
189
8564
204
8564
8564
619
198
8564
8564
204
567
8564
216
8564
2298
420
1015
8564
198
8564
8564
8564
8564
8564
204
231
232
8564
420
1015
8564
188
2298
8564
8564
420
1015
8564
412
8564
204
420
1015
8564
771
204
420
1015
8564
420
1015
8564
8564
420
1015
8564
771
204
412
204
8564
216
8564
8564
420
1015
8564
8564
216
251
8564
204
188
420
1950
8564
619
765
1950
8564
216
8564
8564
8564
420
1950
8564
420
1015
8564
8564
216
8564
2298
8564
420
1015
8564
412
204
420
1015
8564
771
204
420
1015
8564
420
1015
8564
216
3604
8564
8564
420
1015
8564
3604
8564
420
1015
8564
188
420
1015
8564
2298
8564
8564
8564
420
1015
8564
2298
8564
8564
8564
1345
8564
8564
8564
8564
3722
8564
8564
1345
1345
8564
8564
279
204
500
420
1015
8564
420
1015
420
1015
420
1015
420
1015
420
1015
420
1015
420
1015
420
1950
8564
216
8564
8564
216
8564
8564
216
188
8564
619
1950
1950
194
8564
8564
670
8564
8564
513
8564
8564
216
8564
619
332
8564
8564
204
8564
619
8564
198
8564
204
567
8564
216
824
567
8564
630
204
8564
8564
216
8564
8564
697
647
8564
8564
513
8564
412
8564
8564
8564
8564
204
8564
8564
279
8564
8564
8564
8564
8564
204
8564
8564
198
204
8564
8564
216
8564
194
4783
198
204
8564
8564
216
252
8564
188
8564
513
8564
412
8564
8564
8564
8564
8564
204
8564
198
8564
204
8564
8564
8564
188
198
8564
8564
8564
204
8564
8564
194
4783
8564
198
204
8564
412
8564
204
8564
198
204
8564
670
412
8564
204
513
8564
216
3604
8564
567
4972
252
8564
3604
8564
8564
1137
505
8564
180
8564
3604
8564
8564
3604
8564
8564
1345
8564
8564
8564
8564
8564
417
204
8564
8564
1209
567
8564
8564
216
8564
8564
8564
8564
8564
180
194
8564
756
204
252
189
204
513
8564
417
8564
204
403
8564
204
420
2383
619
194
8564
417
8564
8564
204
8564
8564
420
1015
8564
8564
216
8564
8564
8564
216
8564
420
1015
8564
3838
8564
216
8564
3838
8564
216
8564
2298
8564
8564
8564
8564
8564
8564
8564
8564
8564
8564
8564
8564
8564
1047
234
204
8564
8564
8564
8564
8564
8564
8564
8564
216
500
8564
8564
2298
8564
8564
8564
1047
4221
567
8564
2383
619
1552
192
641
4605
8564
567
8564
2298
8564
8564
8564
8564
8564
8564
8564
194
8564
417
204
1209
2298
4737
500
8564
527
8564
8564
8564
8564
8564
8564
8564
8564
8564
1950
194
8564
417
204
1209
2298
4737
500
8564
527
8564
8564
8564
8564
8564
8564
8564
8564
8564
194
194
8564
417
204
1209
2298
4737
500
8564
527
232
8564
8564
8564
8564
8564
8564
194
8564
417
204
1209
2298
4737
500
8564
527
232
8564
8564
8564
8564
8564
8564
8564
279
8564
204
567
4972
513
8564
417
204
1209
180
5012
8564
216
8564
2298
4737
500
8564
527
232
8564
8564
8564
8564
8564
8564
8564
8564
8564
8564
1209
5224
279
204
1186
8564
189
8564
8564
204
420
2383
619
8564
8564
216
417
8564
8564
8564
204
403
8564
8564
204
1047
8564
697
8564
697
8564
8564
216
8564
8564
283
586
889
8564
8564
216
8564
8564
706
1950
194
8564
417
8564
8564
204
1209
8564
2298
8564
8564
4737
500
8564
527
232
8564
8564
420
1015
8564
252
640
826
1950
8564
420
1950
8564
619
193
1950
194
8564
8564
8564
252
180
8564
619
567
8564
8564
513
8564
252
420
1950
8564
332
8564
204
8564
216
3604
8564
420
1015
8564
252
619
826
1950
8564
420
1950
8564
619
193
1950
194
8564
8564
8564
252
1137
1950
1950
194
8564
8564
670
8564
252
420
1950
8564
332
8564
204
8564
216
2298
8564
8564
8564
8564
8564
8564
8564
567
2156
8564
1047
234
8564
204
8564
2298
252
8564
634
640
403
8564
8564
204
420
1015
8564
252
640
826
1950
8564
420
1950
8564
619
193
1950
194
8564
8564
8564
252
1168
619
8564
8564
8564
513
8564
252
420
1950
8564
332
8564
8564
204
8564
8564
216
8564
8564
8564
8564
8564
8564
8564
567
2156
8564
1047
234
8564
204
8564
2298
8564
634
630
8564
8564
204
420
1015
8564
252
640
826
1950
8564
420
1950
8564
619
193
1950
194
8564
8564
8564
252
1168
619
8564
8564
8564
513
8564
252
420
1950
8564
332
8564
8564
204
8564
8564
216
8564
8564
3722
8564
8564
567
8564
8564
8564
234
8564
204
8564
2298
8564
198
8564
204
420
1015
8564
252
640
826
1950
8564
420
1950
8564
619
193
1950
194
8564
8564
8564
252
619
1015
8564
8564
513
8564
252
420
1950
8564
332
8564
8564
204
8564
8564
216
8564
8564
8564
8564
8564
8564
8564
567
2156
8564
1047
234
8564
204
8564
2298
8564
198
425
8564
424
8564
204
420
1015
8564
252
640
826
1950
8564
420
1950
8564
619
193
1950
194
8564
8564
8564
252
619
1015
8564
8564
513
8564
252
420
1950
8564
332
8564
8564
204
8564
8564
216
8564
8564
8564
8564
8564
8564
8564
567
2156
8564
1047
234
8564
8564
204
8564
198
8564
204
252
420
1015
8564
252
640
826
1950
8564
420
1950
8564
619
193
1950
194
8564
8564
8564
252
619
1950
8564
8564
513
8564
252
420
1950
8564
332
8564
8564
204
8564
8564
216
8564
2298
8564
8564
8564
8564
8564
8564
8564
567
2156
8564
1047
234
8564
8564
204
8564
198
8564
204
252
420
1015
8564
252
640
826
1950
8564
420
1950
8564
619
193
1950
194
8564
8564
8564
252
619
1950
8564
8564
513
8564
252
420
1950
8564
332
8564
8564
204
8564
8564
216
8564
2298
8564
8564
8564
8564
8564
8564
8564
567
2156
4823
1047
234
8564
8564
204
8564
198
8564
204
420
1015
8564
252
640
826
1950
8564
420
1950
8564
619
193
1950
194
8564
8564
8564
252
619
1950
8564
8564
513
8564
252
420
1950
8564
332
8564
8564
204
8564
8564
216
8564
2298
8564
8564
8564
8564
8564
8564
8564
567
2156
4823
1047
234
8564
8564
204
8564
198
8564
204
420
1015
8564
252
640
826
1950
8564
420
1950
8564
619
193
1950
194
8564
8564
8564
252
619
1950
8564
8564
513
8564
252
420
1950
8564
332
8564
8564
204
8564
8564
216
8564
2298
8564
8564
3722
8564
8564
567
8564
8564
198
8564
8564
204
8564
8564
234
8564
8564
204
531
804
8564
420
1015
8564
252
640
8564
826
1950
8564
420
1950
8564
619
193
1950
194
8564
8564
8564
252
8564
8564
619
1950
8564
8564
513
8564
252
420
1950
8564
332
8564
8564
204
8564
8564
216
8564
2298
8564
8564
3722
8564
8564
567
8564
8564
198
8564
8564
204
8564
8564
234
8564
8564
204
531
804
8564
8564
8564
194
420
1015
8564
252
640
826
1950
8564
420
1950
8564
619
193
1950
194
8564
8564
8564
252
8564
8564
619
194
1015
8564
8564
513
8564
252
420
1950
8564
332
8564
8564
204
8564
8564
216
8564
2298
8564
567
4972
252
420
1015
8564
252
640
506
513
826
1950
8564
420
1950
8564
619
193
1950
194
8564
8564
8564
252
1137
1950
1950
8564
8564
670
8564
252
420
1950
8564
332
8564
204
8564
216
3604
8564
567
4972
252
420
1015
8564
252
506
826
1950
8564
420
1950
8564
619
193
1950
194
8564
8564
8564
252
1137
1950
1950
8564
8564
670
8564
252
420
1950
8564
332
8564
204
8564
216
3604
8564
8564
8564
8564
8564
8564
8564
204
8564
567
8564
8564
216
8564
8564
567
4846
198
8564
204
420
1950
8564
279
8564
8564
8564
8564
204
8564
2298
8564
194
826
1950
8564
420
1015
8564
2298
8564
826
1950
8564
420
1015
8564
420
1950
8564
420
1950
8564
420
1015
8564
2298
8564
8564
8564
279
8564
204
3837
279
8564
8564
204
8564
1950
8564
420
1015
8564
198
8564
204
420
1950
8564
1950
3837
216
8564
2298
8564
8564
8564
279
8564
204
567
8564
216
1950
8564
279
8564
8564
204
8564
420
1015
8564
198
8564
204
420
1950
8564
279
204
567
4846
198
8564
8564
204
8564
2298
8564
8564
8564
8564
8564
8564
8564
8564
8564
8564
8564
8564
1345
8564
8564
8564
3722
3722
279
204
368
8564
194
198
8564
204
368
8564
194
198
8564
204
420
1015
8564
756
8564
204
8564
8564
8564
8564
8564
216
8564
420
1015
8564
670
188
8564
8564
8564
216
8564
1950
8564
279
8564
204
8564
8564
8564
194
394
8564
8564
8564
8564
8564
204
8564
8564
420
1015
8564
409
8564
188
198
8564
8564
8564
8564
204
194
198
204
420
1950
8564
279
8564
204
8564
567
8564
216
420
1015
8564
756
204
8564
216
420
1950
8564
420
1950
8564
279
8564
204
8564
756
8564
8564
8564
8564
8564
8564
204
8564
8564
8564
279
8564
204
8564
4972
221
8564
8564
8564
216
8564
420
1015
8564
194
670
8564
771
204
619
192
333
192
8564
188
332
8564
8564
8564
204
756
8564
8564
8564
8564
204
8564
8564
252
8564
8564
8564
216
420
1015
8564
188
8564
8564
8564
216
8564
4972
221
8564
420
1950
8564
279
8564
8564
204
8564
8564
8564
670
188
8564
216
8564
8564
188
192
425
8564
8564
8564
8564
204
8564
2298
420
1015
8564
188
8564
567
8564
252
2298
231
232
8564
826
1950
8564
420
1950
8564
619
193
1950
194
8564
1209
8564
2298
8564
3604
8564
8564
8564
8564
8564
8564
1345
8564
8564
8564
8564
8564
1345
1345
8564
8564
1345
1345
8564
8564
8564
8564
8564
8564
8564
279
204
279
8564
204
8564
420
1950
8564
279
8564
8564
204
567
8564
216
1950
8564
279
8564
8564
8564
204
8564
420
1015
8564
198
8564
204
420
1950
8564
279
204
567
4846
198
8564
204
1950
8564
279
8564
8564
204
8564
8564
8564
8564
279
8564
8564
204
194
8564
8564
8564
216
8564
8564
8564
8564
420
1015
8564
409
198
8564
8564
8564
8564
8564
204
420
1950
8564
3732
279
204
8564
192
194
198
8564
8564
8564
8564
8564
204
252
420
1015
8564
252
506
826
8564
619
193
1950
194
8564
8564
670
194
8564
8564
8564
8564
216
420
1015
8564
826
8564
619
1950
765
8564
8564
252
8564
8564
8564
8564
216
8564
8564
8564
8564
1950
8564
279
8564
8564
8564
8564
8564
8564
204
420
1950
8564
420
1015
8564
420
1015
8564
252
252
758
252
619
826
8564
619
193
1950
194
8564
194
670
194
8564
8564
8564
8564
216
8564
8564
194
198
8564
204
1950
3837
8564
216
420
1950
8564
279
8564
8564
8564
204
8564
8564
420
8564
500
8564
8564
8564
216
8564
8564
1950
8564
420
1015
8564
8564
216
8564
2298
8564
420
8564
500
8564
8564
216
8564
8564
8564
8564
8564
8564
8564
8564
8564
1345
1345
8564
8564
8564
1345
1345
8564
8564
8564
8564
8564
8564
8564
8564
8564
8564
279
279
424
8564
204
194
8564
8564
8564
8564
216
8564
8564
420
1950
8564
279
8564
204
8564
8564
8564
8564
420
1015
8564
409
198
8564
8564
8564
8564
8564
8564
8564
204
8564
192
1950
8564
194
198
8564
8564
8564
8564
8564
8564
8564
204
252
420
1015
8564
252
506
826
8564
619
193
1950
194
8564
8564
670
194
8564
8564
8564
8564
8564
8564
216
420
1015
8564
826
8564
619
1950
765
8564
8564
252
8564
8564
8564
8564
8564
8564
216
8564
8564
8564
8564
8564
8564
1950
8564
977
279
8564
8564
8564
8564
8564
8564
8564
8564
8564
204
8564
194
198
8564
204
8564
8564
216
8564
1950
8564
420
1015
8564
216
420
8564
500
8564
216
8564
1950
3837
8564
216
8564
2298
8564
8564
8564
8564
252
1137
8564
1950
8564
8564
567
8564
279
8564
204
8564
8564
216
8564
8564
216
8564
8564
279
8564
204
8564
420
1015
8564
8564
409
198
8564
204
420
1950
8564
1950
8564
567
8564
420
1950
8564
279
204
567
8564
216
420
1015
8564
756
204
188
8564
216
8564
216
8564
420
1015
8564
188
567
8564
216
1950
8564
279
204
8564
216
204
8564
252
2298
252
2298
8564
8564
8564
194
564
8564
8564
8564
192
2298
8564
8564
8564
4605
8564
8564
192
2298
8564
8564
8564
4605
8564
8564
192
2298
8564
8564
8564
192
8564
8564
192
2298
8564
8564
8564
194
8564
8564
192
2298
8564
8564
194
8564
192
2298
8564
8564
194
8564
192
2298
8564
8564
8564
192
2298
8564
8564
8564
192
2298
8564
8564
8564
194
8564
8564
8564
5224
1085
8564
192
2298
8564
8564
8564
5224
1085
8564
192
2298
8564
8564
8564
8564
8564
8564
1345
8564
194
756
8564
204
192
8564
8564
216
8564
1013
8564
194
198
204
192
8564
8564
216
8564
8564
567
194
8564
333
192
332
8564
8564
204
8564
697
8564
8564
216
8564
1137
505
619
824
567
8564
198
204
198
8564
204
8564
4783
198
204
188
1950
8564
889
192
332
8564
8564
204
8564
8564
216
8564
640
192
2298
8564
8564
8564
8564
8564
8564
8564
8564
8564
8564
8564
1345
8564
194
756
8564
204
192
1047
8564
8564
8564
216
8564
697
8564
8564
216
8564
8564
567
1047
8564
333
192
332
1047
8564
8564
8564
204
8564
1137
505
619
824
567
8564
198
204
8564
198
8564
204
8564
4783
198
204
188
1950
8564
889
192
332
8564
8564
8564
204
8564
8564
8564
8564
216
8564
1013
8564
194
198
204
8564
8564
216
192
8564
8564
216
8564
2298
8564
8564
8564
8564
8564
8564
8564
8564
8564
8564
8564
8564
8564
8564
8564
8564
420
1950
8564
420
1950
8564
279
204
420
1015
8564
198
204
198
8564
8564
204
420
1015
8564
756
204
420
1015
8564
198
8564
204
420
1950
8564
1352
8564
8564
420
567
8564
234
8564
204
1209
8564
216
8564
1352
3732
420
567
8564
234
8564
8564
204
8564
8564
216
8564
1950
3837
8564
8564
279
8564
586
8564
8564
198
756
8564
8564
8564
8564
8564
8564
204
420
1950
8564
279
8564
586
420
1015
8564
756
8564
8564
8564
204
8564
8564
279
8564
204
8564
194
198
8564
420
1015
8564
8564
216
204
8564
8564
333
1950
8564
279
8564
8564
194
496
204
192
8564
8564
204
586
8564
216
8564
1047
234
8564
8564
204
188
420
8564
8564
8564
216
194
198
8564
204
420
8564
500
8564
192
8564
216
420
8564
500
420
1950
8564
8564
8564
8564
8564
216
8564
8564
8564
8564
8564
216
8564
2298
231
232
8564
8564
8564
826
1950
8564
420
1015
8564
420
1950
8564
420
1950
8564
420
1950
8564
8564
420
8564
8564
8564
2298
8564
3604
8564
8564
8564
1950
3837
8564
8564
540
586
2298
8564
8564
8564
8564
8564
567
8564
8564
8564
252
2298
8564
8564
8564
8564
8564
8564
8564
8564
8564
8564
8564
8564
8564
1047
234
204
8564
8564
8564
8564
8564
8564
8564
8564
216
8564
8564
8564
8564
8564
1209
8564
8564
8564
252
2298
8564
8564
8564
8564
8564
8564
8564
8564
8564
8564
8564
8564
8564
1047
234
204
8564
8564
8564
8564
8564
8564
8564
8564
216
8564
194
657
8564
8564
8564
8564
1209
567
8564
201
8564
204
8564
8564
252
2298
8564
8564
216
8564
8564
8564
8564
8564
8564
8564
8564
8564
8564
8564
8564
8564
8564
1047
234
204
8564
8564
8564
8564
8564
8564
8564
8564
216
8564
826
1015
8564
657
826
1015
8564
252
1137
8564
1015
8564
198
8564
8564
204
8564
8564
657
500
8564
216
8564
8564
8564
8564
8564
1209
567
8564
201
8564
204
279
8564
204
8564
8564
252
2298
8564
8564
279
204
8564
567
8564
216
8564
8564
826
8564
8564
8564
420
8564
8564
8564
204
2298
8564
8564
8564
2298
8564
8564
8564
1950
8564
252
2298
8564
8564
8564
216
8564
1950
8564
279
420
8564
204
2298
8564
826
2298
