8564
8564
8564
8564
8564
8564
8564
8564
8564
8564
8564
8564
8564
8564
8564
8564
8564
8564
8564
8564
8564
8564
8564
8564
8564
8564
8564
8564
8564
8564
8564
8564
8564
8564
8564
8564
8564
8564
8564
8564
8564
8564
8564
8564
8564
8564
8564
8564
8564
8564
8564
8564
8564
8564
8564
8564
8564
8564
8564
8564
8564
8564
8564
8564
8564
8564
8564
8564
8564
8564
8564
8564
8564
8564
8564
8564
8564
8564
8564
8564
8564
8564
8564
8564
8564
8564
8564
8564
8564
8564
8564
8564
8564
8564
8564
8564
8564
8564
8564
8564
8564
8564
8564
8564
8564
8564
8564
8564
8564
8564
8564
8564
8564
8564
8564
8564
8564
8564
8564
8564
8564
8564
8564
8564
8564
8564
8564
8564
8564
8564
8564
8564
8564
8564
8564
8564
8564
8564
8564
8564
8564
8564
8564
8564
8564
8564
8564
8564
8564
8564
8564
8564
8564
8564
8564
8564
8564
8564
8564
8564
8564
8564
8564
8564
8564
8564
8564
8564
8564
8564
8564
8564
8564
8564
8564
8564
8564
8564
8564
8564
8564
8564
8564
8564
8564
8564
8564
8564
8564
8564
8564
8564
8564
8564
8564
8564
8564
8564
8564
8564
8564
8564
8564
8564
8564
8564
8564
8564
8564
8564
8564
8564
8564
8564
8564
8564
8564
8564
8564
8564
8564
8564
8564
8564
8564
8564
8564
8564
8564
8564
8564
8564
8564
8564
8564
8564
8564
8564
8564
8564
8564
8564
8564
8564
8564
8564
8564
8564
8564
8564
8564
8564
8564
8564
8564
8564
8564
8564
8564
8564
8564
8564
8564
8564
8564
8564
8564
8564
8564
8564
8564
8564
8564
8564
8564
8564
8564
8564
8564
8564
8564
8564
8564
8564
8564
8564
8564
8564
8564
8564
8564
8564
8564
8564
8564
8564
8564
8564
8564
8564
8564
8564
8564
8564
8564
8564
8564
8564
8564
8564
8564
8564
8564
8564
8564
8564
8564
8564
8564
8564
8564
8564
8564
8564
8564
8564
8564
8564
8564
8564
8564
8564
8564
8564
8564
8564
8564
8564
8564
8564
8564
8564
8564
8564
8564
8564
8564
8564
8564
8564
8564
8564
8564
8564
8564
8564
8564
8564
8564
8564
8564
8564
8564
8564
8564
8564
8564
8564
8564
8564
8564
8564
8564
8564
8564
8564
8564
8564
8564
8564
8564
8564
8564
8564
8564
8564
8564
8564
8564
8564
8564
8564
8564
8564
8564
8564
8564
8564
8564
8564
8564
8564
8564
8564
8564
8564
8564
8564
8564
8564
8564
8564
8564
8564
8564
8564
8564
8564
8564
8564
8564
8564
8564
8564
8564
8564
8564
8564
8564
8564
8564
8564
8564
8564
8564
8564
8564
8564
8564
8564
8564
8564
8564
8564
8564
8564
8564
8564
8564
8564
8564
8564
8564
8564
8564
8564
8564
8564
8564
8564
8564
8564
8564
8564
8564
8564
8564
8564
8564
8564
8564
8564
8564
8564
8564
8564
8564
8564
8564
8564
8564
8564
8564
8564
8564
8564
8564
8564
8564
8564
8564
8564
8564
8564
8564
8564
8564
8564
8564
8564
8564
8564
8564
8564
8564
8564
8564
8564
8564
8564
8564
8564
8564
8564
8564
8564
8564
8564
8564
8564
8564
8564
8564
8564
8564
8564
8564
8564
8564
8564
8564
8564
8564
8564
8564
8564
8564
8564
8564
8564
8564
8564
8564
8564
8564
8564
8564
8564
8564
8564
8564
8564
8564
8564
8564
8564
8564
8564
8564
8564
8564
8564
8564
8564
8564
8564
8564
8564
8564
8564
8564
8564
8564
8564
8564
8564
8564
8564
8564
8564
8564
8564
8564
8564
8564
8564
8564
8564
8564
8564
8564
8564
8564
8564
8564
8564
8564
8564
8564
8564
8564
8564
8564
8564
8564
8564
8564
8564
8564
8564
8564
8564
8564
8564
8564
8564
8564
8564
8564
8564
8564
8564
8564
8564
8564
8564
8564
8564
8564
8564
8564
8564
8564
8564
8564
8564
8564
8564
8564
8564
8564
8564
8564
8564
8564
8564
8564
8564
8564
8564
8564
8564
8564
8564
8564
8564
8564
8564
8564
8564
8564
8564
8564
8564
8564
8564
8564
8564
8564
8564
8564
8564
8564
8564
8564
8564
8564
8564
8564
8564
8564
8564
8564
8564
8564
8564
8564
8564
8564
8564
8564
8564
8564
8564
8564
8564
8564
8564
8564
8564
8564
8564
8564
8564
8564
8564
8564
8564
8564
8564
8564
8564
8564
8564
8564
8564
8564
8564
8564
8564
8564
8564
8564
8564
8564
8564
8564
8564
8564
8564
8564
8564
8564
8564
8564
8564
8564
8564
8564
8564
8564
8564
8564
8564
8564
8564
8564
8564
8564
8564
8564
8564
8564
8564
8564
8564
8564
8564
8564
8564
8564
8564
8564
8564
8564
8564
8564
8564
8564
8564
8564
8564
8564
8564
8564
8564
8564
8564
8564
8564
8564
8564
8564
8564
8564
8564
8564
8564
8564
8564
8564
8564
8564
8564
8564
8564
8564
8564
8564
8564
8564
8564
8564
8564
8564
8564
8564
8564
8564
8564
8564
8564
8564
8564
8564
8564
8564
8564
8564
8564
8564
8564
8564
8564
8564
8564
8564
8564
8564
8564
8564
8564
8564
8564
8564
8564
8564
8564
8564
8564
8564
8564
8564
8564
8564
8564
8564
8564
8564
8564
8564
8564
8564
8564
8564
8564
8564
8564
8564
8564
8564
8564
8564
8564
8564
8564
8564
8564
8564
8564
8564
8564
8564
8564
8564
8564
8564
8564
8564
8564
8564
8564
8564
8564
8564
8564
8564
8564
8564
8564
8564
8564
8564
8564
8564
8564
8564
8564
8564
8564
8564
8564
8564
8564
8564
8564
8564
8564
8564
8564
8564
8564
8564
8564
8564
8564
8564
8564
8564
8564
8564
8564
8564
8564
8564
8564
8564
8564
8564
8564
8564
8564
8564
8564
8564
8564
8564
8564
8564
8564
8564
8564
8564
8564
8564
8564
8564
8564
8564
8564
8564
8564
8564
8564
8564
8564
8564
8564
8564
8564
8564
8564
8564
8564
8564
8564
8564
8564
8564
8564
8564
8564
8564
8564
8564
8564
8564
8564
8564
8564
8564
8564
8564
8564
8564
8564
8564
8564
8564
8564
8564
8564
8564
8564
8564
8564
8564
8564
8564
8564
8564
8564
8564
8564
8564
8564
8564
8564
8564
8564
8564
8564
8564
8564
8564
8564
8564
8564
8564
8564
8564
8564
8564
8564
8564
8564
8564
8564
8564
8564
8564
8564
8564
8564
8564
8564
8564
8564
8564
8564
8564
8564
8564
8564
8564
8564
8564
8564
8564
8564
8564
8564
8564
8564
8564
8564
8564
8564
8564
8564
8564
8564
8564
8564
8564
8564
8564
8564
8564
8564
8564
8564
8564
8564
8564
8564
8564
8564
8564
8564
8564
8564
8564
8564
8564
8564
8564
8564
8564
8564
8564
8564
8564
8564
8564
8564
8564
8564
8564
8564
8564
8564
8564
8564
8564
8564
8564
8564
8564
8564
8564
8564
8564
8564
8564
8564
8564
8564
8564
8564
8564
8564
8564
8564
8564
8564
8564
8564
8564
8564
8564
8564
8564
8564
8564
8564
8564
8564
8564
8564
8564
8564
8564
8564
8564
8564
8564
8564
8564
8564
8564
8564
8564
8564
8564
8564
8564
8564
8564
8564
8564
8564
8564
48
8564
8564
8564
8564
48
48
8564
48
8564
48
8564
8564
48
8564
8564
8564
8564
8564
8564
8564
8564
8564
8564
8564
8564
8564
8564
1345
8564
4783
8564
8564
8564
198
204
824
216
824
824
257
8564
1345
8564
257
8564
824
257
8564
8564
8564
8564
824
257
8564
824
257
8564
824
257
8564
8564
8564
8564
824
257
8564
824
257
8564
824
257
8564
824
257
8564
824
257
8564
824
257
8564
824
257
8564
8564
257
8564
824
257
8564
824
257
8564
824
257
8564
824
257
8564
824
257
8564
824
257
8564
824
257
8564
4846
257
8564
824
257
8564
824
257
8564
824
257
8564
824
257
8564
8564
257
8564
824
257
8564
824
257
8564
4783
257
8564
824
257
8564
824
257
8564
824
257
8564
824
257
8564
8564
257
8564
8564
257
8564
824
257
8564
8564
8564
8564
8564
257
8564
824
257
8564
824
257
8564
824
257
8564
8564
257
8564
824
257
8564
824
257
8564
824
257
8564
824
257
8564
824
257
8564
824
257
8564
824
257
8564
824
257
8564
824
257
8564
8564
257
8564
4783
257
8564
824
257
8564
8564
1065
8564
3634
263
8564
824
257
8564
824
257
8564
824
257
8564
824
257
8564
824
257
8564
824
257
8564
824
257
8564
8564
1065
8564
824
257
8564
824
257
8564
824
257
8564
824
257
8564
824
257
8564
824
257
8564
824
257
8564
4783
257
8564
824
257
8564
824
257
8564
824
257
8564
824
257
8564
3627
257
8564
824
257
8564
824
257
8564
824
257
8564
824
257
8564
824
257
8564
824
257
8564
824
257
8564
824
257
8564
824
257
8564
824
257
8564
8564
257
8564
8564
257
8564
8564
257
8564
824
257
8564
824
257
8564
824
257
8564
824
257
8564
824
257
8564
824
257
8564
824
257
8564
824
257
8564
824
257
8564
8564
8564
8564
824
257
8564
824
257
8564
5012
315
8564
824
257
8564
824
257
8564
824
257
8564
824
257
8564
824
257
8564
824
257
8564
824
257
8564
824
257
8564
824
257
8564
824
257
8564
824
257
8564
824
257
8564
824
257
8564
824
257
8564
824
257
8564
824
257
8564
824
257
8564
824
257
8564
4972
257
8564
824
257
8564
824
257
8564
824
257
8564
824
257
8564
824
257
8564
824
257
8564
824
257
8564
824
257
8564
824
257
8564
824
257
8564
8564
257
8564
824
257
8564
8564
257
8564
824
257
8564
824
257
8564
8564
257
8564
824
257
8564
824
257
8564
824
257
8564
8564
257
8564
824
257
8564
824
257
8564
824
257
8564
824
257
8564
824
257
8564
824
257
8564
824
257
8564
824
257
8564
8564
257
8564
824
257
8564
824
257
8564
824
257
8564
8564
257
8564
824
257
8564
824
257
8564
824
257
8564
824
257
8564
5012
315
8564
824
257
8564
824
257
8564
824
257
8564
824
257
8564
824
257
8564
824
257
8564
824
257
8564
5012
315
8564
824
257
8564
824
257
8564
8564
257
8564
824
257
8564
824
257
8564
824
257
8564
824
257
8564
824
257
8564
8564
257
8564
8564
257
8564
824
257
8564
824
257
8564
824
257
8564
824
257
8564
824
257
8564
4846
257
8564
824
257
8564
3776
315
8564
8564
1065
8564
824
257
8564
824
257
8564
8564
1065
8564
824
257
8564
824
257
8564
824
257
8564
824
257
8564
824
257
8564
824
257
8564
824
257
8564
824
257
8564
824
257
8564
824
257
8564
824
257
8564
824
257
8564
824
257
8564
824
257
8564
824
257
8564
824
257
8564
824
257
8564
4739
263
8564
8564
257
8564
824
257
8564
824
257
8564
824
257
8564
824
257
8564
824
257
8564
824
257
8564
824
257
8564
8564
257
8564
824
257
8564
4846
257
8564
824
257
8564
824
257
8564
824
257
8564
8564
315
8564
824
257
8564
824
257
8564
4972
257
8564
8564
257
8564
824
257
8564
8564
257
8564
8564
257
8564
824
257
8564
824
257
8564
824
257
8564
4846
257
8564
4783
257
8564
824
257
8564
824
257
8564
824
257
8564
8564
257
8564
824
257
8564
231
263
8564
824
257
8564
824
257
8564
8564
257
8564
824
257
8564
824
257
8564
824
257
8564
824
257
8564
824
257
8564
824
257
8564
824
257
8564
824
257
8564
8564
1065
8564
8564
257
8564
4783
257
8564
824
257
8564
824
257
8564
8564
1065
8564
824
257
8564
824
257
8564
824
257
8564
8564
315
8564
824
257
8564
8564
257
8564
824
257
8564
824
257
8564
824
257
8564
824
257
8564
824
257
8564
824
257
8564
824
257
8564
824
257
8564
824
257
8564
824
257
8564
824
257
8564
824
257
8564
824
257
8564
8564
257
8564
824
257
8564
824
257
8564
824
257
8564
824
257
8564
824
257
8564
824
257
8564
8564
257
8564
824
257
8564
824
257
8564
824
257
8564
824
257
8564
824
257
8564
824
257
8564
824
257
8564
824
257
8564
8564
257
8564
824
257
8564
824
257
8564
824
257
8564
824
257
8564
824
257
8564
8564
257
8564
824
257
8564
824
257
8564
824
257
8564
8564
257
8564
824
257
8564
824
257
8564
5012
315
8564
824
257
8564
8564
257
8564
824
257
8564
824
257
8564
824
257
8564
824
257
8564
824
257
8564
824
257
8564
824
257
8564
657
315
8564
4923
315
8564
824
257
8564
8564
315
8564
231
263
8564
824
257
8564
824
257
8564
824
257
8564
8564
257
8564
824
257
8564
824
257
8564
824
257
8564
824
257
8564
824
257
8564
824
257
8564
824
257
8564
824
257
8564
824
257
8564
824
257
8564
824
257
8564
824
257
8564
824
257
8564
824
257
8564
824
257
8564
824
257
8564
824
257
8564
824
257
8564
8564
257
8564
8564
257
8564
824
257
8564
824
257
8564
824
257
8564
824
257
8564
824
257
8564
8564
8564
8564
824
257
8564
8564
263
8564
824
257
8564
824
257
8564
824
257
8564
8564
257
8564
824
257
8564
824
257
8564
824
257
8564
824
257
8564
824
257
8564
824
257
8564
824
257
8564
8564
257
8564
824
257
8564
824
257
8564
824
257
8564
8564
257
8564
4783
257
8564
824
257
8564
824
257
8564
231
263
8564
824
257
8564
8564
257
8564
824
257
8564
824
257
8564
824
257
8564
824
257
8564
824
257
8564
8564
257
8564
824
257
8564
824
257
8564
8564
257
8564
824
257
8564
824
257
8564
8564
257
8564
824
257
8564
824
257
8564
4783
257
8564
824
257
8564
8564
257
8564
8564
263
8564
824
257
8564
824
257
8564
8564
8564
8564
824
257
8564
8564
8564
8564
8564
8564
8564
824
257
8564
824
257
8564
824
257
8564
1345
8564
257
8564
1345
8564
257
8564
1345
8564
257
8564
1345
8564
257
8564
1345
8564
257
8564
1345
8564
257
8564
1345
8564
257
8564
1345
8564
257
8564
1345
8564
257
8564
1345
8564
257
8564
1345
8564
257
8564
1345
8564
257
8564
1345
8564
257
8564
1345
8564
257
8564
1345
8564
257
8564
1345
8564
257
8564
1345
8564
257
8564
1345
8564
257
8564
1345
8564
257
8564
1345
8564
257
8564
1345
8564
257
8564
1345
8564
257
8564
1345
8564
257
8564
1345
8564
257
8564
1345
8564
257
8564
1345
8564
257
8564
1345
8564
257
8564
1345
8564
4783
8564
8564
8564
8564
8564
8564
8564
8564
8564
527
8564
8564
1345
8564
257
8564
1345
8564
8564
8564
8564
8564
8564
8564
8564
216
8564
257
8564
1345
8564
4783
8564
8564
1345
1345
8564
4783
8564
8564
8564
234
8564
8564
204
8564
8564
8564
198
204
824
216
824
8564
8564
216
8564
257
8564
8564
824
257
8564
257
8564
1345
8564
257
8564
1345
8564
4783
198
8564
8564
8564
8564
8564
204
253
8564
824
8564
547
8564
257
253
8564
824
8564
547
8564
257
8564
824
257
8564
1345
8564
4783
8564
8564
8564
8564
8564
8564
824
824
824
824
824
824
824
824
824
824
824
824
824
824
824
824
824
8564
257
8564
1345
1345
8564
4783
8564
8564
8564
8564
8564
198
204
8564
3634
216
198
204
8564
4972
824
8564
5012
8564
201
8564
8564
204
8564
8564
8564
8564
8564
8564
824
8564
8564
8564
8564
8564
481
8564
216
8564
8564
216
8564
1345
1345
8564
1345
4783
8564
8564
8564
8564
8564
8564
8564
8564
8564
8564
8564
8564
8564
8564
8564
8564
8564
8564
8564
8564
8564
8564
8564
8564
8564
8564
8564
8564
547
8564
8564
773
198
8564
204
824
8564
8564
8564
8564
8564
198
204
8564
8564
8564
8564
8564
198
8564
204
8564
8564
8564
8564
8564
198
8564
204
8564
8564
8564
8564
8564
8564
8564
8564
412
204
8564
8564
8564
8564
8564
198
204
8564
8564
8564
8564
8564
198
8564
204
824
216
8564
8564
8564
8564
8564
198
8564
204
8564
513
8564
8564
824
8564
216
8564
257
824
216
824
216
824
216
824
216
8564
8564
8564
8564
8564
198
204
8564
8564
8564
8564
8564
198
8564
204
824
8564
8564
8564
8564
8564
8564
8564
824
216
8564
1345
1345
8564
4783
8564
8564
8564
8564
8564
198
8564
204
198
204
8564
8564
8564
8564
8564
253
8564
216
824
198
8564
8564
8564
204
8564
8564
198
204
8564
8564
8564
8564
4972
824
8564
5012
824
824
824
824
8564
8564
5012
824
216
8564
8564
8564
8564
8564
198
8564
204
8564
8564
198
204
824
216
824
824
8564
8564
204
8564
8564
8564
8564
4972
824
8564
5012
8564
8564
216
8564
257
824
216
8564
8564
8564
8564
8564
198
204
824
216
8564
1345
1345
8564
4783
8564
8564
8564
8564
8564
198
204
8564
216
8564
8564
8564
8564
8564
198
8564
204
8564
8564
8564
8564
8564
8564
8564
8564
412
204
8564
8564
8564
8564
8564
198
204
8564
8564
8564
8564
8564
496
204
8564
8564
8564
8564
8564
198
204
8564
8564
8564
8564
8564
198
8564
204
8564
8564
8564
8564
8564
8564
8564
8564
412
8564
204
8564
257
8564
8564
8564
8564
8564
8564
8564
8564
8564
8564
198
8564
204
8564
198
8564
8564
204
824
198
204
824
216
8564
8564
8564
8564
8564
824
216
8564
8564
8564
8564
8564
198
8564
8564
204
8564
8564
8564
8564
8564
198
8564
8564
204
824
8564
216
824
216
8564
8564
8564
8564
8564
8564
8564
8564
8564
8564
8564
8564
8564
8564
8564
8564
8564
8564
8564
8564
8564
8564
8564
8564
8564
8564
8564
8564
257
8564
8564
8564
8564
8564
8564
8564
8564
8564
8564
8564
257
8564
1345
8564
4783
824
8564
8564
8564
513
8564
8564
513
8564
8564
8564
8564
513
8564
8564
513
8564
8564
8564
8564
513
8564
8564
257
8564
1345
8564
4783
824
257
8564
1345
1345
1345
8564
1345
4783
8564
8564
8564
8564
8564
198
8564
204
8564
513
8564
8564
216
8564
513
8564
8564
8564
8564
824
8564
198
8564
8564
8564
204
8564
257
8564
1345
1345
1345
1345
8564
1345
1345
1345
1345
8564
1345
1345
1345
1345
1345
1345
1345
8564
1345
8564
1345
4783
8564
547
198
204
8564
8564
8564
8564
8564
198
8564
204
8564
8564
8564
8564
8564
547
198
8564
204
564
670
8564
8564
234
8564
8564
8564
204
8564
8564
8564
1347
8564
8564
8564
8564
8564
8564
198
8564
8564
204
8564
8564
8564
8564
8564
8564
8564
8564
412
8564
8564
424
8564
204
8564
8564
8564
8564
8564
412
8564
8564
204
513
8564
8564
824
198
8564
204
8564
8564
8564
8564
8564
513
8564
8564
8564
8564
8564
8564
8564
513
8564
8564
8564
824
8564
216
8564
257
513
8564
8564
234
8564
204
8564
8564
8564
8564
8564
547
198
8564
204
8564
8564
8564
8564
8564
8564
8564
8564
8564
8564
513
394
8564
8564
8564
204
8564
8564
8564
8564
216
8564
8564
513
8564
8564
513
547
8564
8564
670
8564
8564
513
8564
8564
513
8564
8564
513
8564
8564
824
257
824
564
670
8564
8564
234
8564
8564
8564
8564
204
8564
513
8564
8564
198
204
8564
8564
8564
8564
8564
8564
412
8564
8564
198
8564
198
8564
204
8564
8564
8564
8564
8564
513
8564
8564
8564
8564
8564
513
8564
8564
394
204
8564
8564
8564
513
8564
8564
8564
8564
8564
8564
216
8564
8564
8564
513
8564
8564
675
670
8564
8564
8564
8564
8564
513
8564
8564
513
8564
8564
513
8564
8564
8564
8564
8564
8564
8564
8564
8564
513
8564
8564
198
8564
8564
547
198
204
204
8564
8564
8564
198
204
513
8564
8564
513
8564
8564
216
513
8564
8564
198
8564
204
8564
8564
8564
8564
8564
8564
8564
8564
8564
8564
670
8564
8564
8564
8564
4972
824
8564
5012
824
481
513
8564
8564
198
204
8564
8564
8564
412
204
8564
8564
8564
8564
8564
8564
8564
8564
8564
8564
8564
8564
8564
8564
8564
8564
8564
8564
8564
8564
8564
8564
8564
513
8564
8564
394
204
8564
8564
8564
8564
8564
8564
8564
8564
216
8564
8564
8564
513
8564
8564
8564
8564
675
670
8564
8564
8564
8564
670
8564
8564
8564
8564
8564
8564
8564
8564
253
8564
8564
8564
8564
8564
8564
8564
8564
8564
8564
547
8564
8564
8564
8564
8564
8564
198
8564
204
8564
8564
8564
8564
412
204
8564
8564
8564
412
204
8564
8564
8564
8564
8564
216
680
8564
8564
8564
8564
8564
198
8564
204
824
8564
216
824
481
8564
8564
8564
8564
8564
8564
425
547
198
8564
204
824
756
204
513
8564
8564
198
8564
8564
204
8564
8564
8564
8564
8564
216
8564
513
8564
8564
8564
8564
8564
513
8564
8564
513
8564
8564
824
8564
513
8564
8564
216
8564
257
204
824
513
8564
8564
198
8564
8564
204
513
8564
8564
513
8564
8564
8564
8564
513
8564
8564
8564
8564
8564
8564
8564
216
564
949
547
8564
513
8564
8564
8564
8564
8564
8564
8564
8564
253
8564
8564
8564
8564
216
513
8564
824
8564
8564
8564
8564
8564
216
513
8564
513
8564
8564
8564
8564
8564
513
8564
8564
8564
8564
513
8564
8564
824
8564
8564
8564
8564
8564
8564
216
8564
8564
253
8564
513
8564
8564
513
8564
8564
8564
8564
513
8564
8564
8564
216
824
198
8564
204
8564
8564
8564
8564
8564
8564
198
204
8564
8564
8564
8564
513
8564
8564
824
198
8564
204
8564
8564
8564
756
204
513
8564
8564
8564
8564
513
8564
670
8564
8564
216
824
216
513
8564
8564
8564
8564
824
8564
8564
8564
8564
8564
8564
216
8564
8564
8564
198
204
8564
547
198
204
824
216
8564
8564
8564
8564
8564
756
8564
8564
8564
8564
204
8564
8564
8564
8564
8564
8564
513
8564
8564
8564
670
8564
8564
8564
216
8564
8564
8564
8564
564
253
670
8564
8564
8564
234
204
8564
216
824
8564
216
824
216
198
8564
204
547
198
204
824
216
8564
8564
8564
8564
8564
198
756
8564
8564
8564
8564
8564
8564
8564
204
8564
547
198
8564
204
8564
547
198
8564
547
198
424
204
824
198
8564
204
824
198
8564
204
824
198
8564
204
824
8564
216
824
216
824
8564
216
824
198
8564
204
824
198
204
8564
198
8564
204
8564
8564
216
547
8564
824
824
8564
216
8564
1345
8564
4783
8564
8564
8564
8564
8564
824
257
8564
1345
1345
1345
8564
1345
1345
1345
8564
1345
1345
8564
1345
4783
8564
8564
8564
8564
8564
8564
8564
8564
8564
8564
198
8564
204
8564
8564
8564
8564
8564
198
204
8564
8564
8564
8564
8564
253
8564
824
8564
547
8564
8564
409
8564
8564
8564
8564
8564
8564
412
8564
8564
204
8564
8564
824
8564
8564
8564
8564
8564
198
8564
204
8564
8564
8564
8564
8564
198
8564
8564
204
8564
8564
8564
8564
8564
8564
8564
8564
8564
8564
8564
8564
8564
8564
8564
8564
8564
513
8564
8564
8564
8564
8564
8564
8564
513
8564
8564
8564
8564
8564
8564
8564
253
8564
8564
547
8564
8564
8564
8564
8564
198
8564
204
8564
8564
8564
198
8564
204
8564
513
8564
8564
513
8564
8564
513
8564
8564
8564
8564
412
204
824
216
481
824
8564
8564
8564
8564
8564
8564
8564
8564
8564
8564
8564
8564
216
8564
8564
8564
8564
8564
8564
8564
8564
8564
8564
547
198
8564
204
547
198
204
8564
8564
8564
8564
8564
198
204
8564
8564
8564
8564
8564
198
8564
204
8564
547
198
8564
204
8564
8564
8564
8564
8564
8564
601
198
8564
8564
8564
8564
204
8564
8564
8564
8564
216
824
8564
8564
8564
8564
8564
198
8564
8564
8564
204
8564
8564
601
198
424
8564
204
8564
8564
8564
8564
216
8564
8564
8564
8564
8564
198
8564
8564
204
8564
8564
8564
253
8564
8564
8564
8564
8564
8564
481
253
8564
8564
8564
8564
8564
8564
481
824
8564
8564
8564
198
204
8564
216
253
8564
8564
8564
8564
8564
8564
481
8564
8564
8564
8564
8564
8564
216
8564
198
8564
8564
204
824
8564
8564
8564
8564
216
8564
1345
1345
8564
8564
8564
4783
198
204
756
8564
204
8564
257
8564
8564
8564
8564
8564
8564
8564
8564
234
8564
204
8564
8564
8564
8564
8564
8564
412
204
564
670
8564
8564
513
8564
8564
8564
8564
824
8564
8564
257
824
257
8564
8564
8564
198
8564
204
198
8564
204
8564
8564
8564
8564
8564
547
198
204
824
216
8564
8564
8564
8564
8564
756
204
8564
8564
8564
513
8564
8564
8564
670
8564
8564
216
8564
8564
8564
8564
8564
216
8564
8564
8564
8564
8564
547
198
204
824
216
8564
8564
8564
8564
8564
756
204
8564
8564
8564
513
8564
8564
8564
670
8564
8564
216
8564
8564
8564
8564
8564
216
8564
8564
8564
8564
564
253
670
8564
8564
8564
234
204
8564
216
824
8564
216
824
216
824
216
8564
1345
1345
1345
1345
1345
1345
8564
1345
1345
1345
1345
8564
1345
4783
8564
8564
8564
234
204
513
8564
8564
8564
216
8564
8564
198
204
8564
8564
547
513
8564
8564
8564
8564
8564
8564
8564
8564
198
8564
8564
8564
8564
204
756
8564
8564
204
8564
824
8564
8564
8564
8564
8564
547
8564
8564
216
8564
257
8564
409
513
8564
8564
8564
8564
8564
198
8564
8564
8564
8564
8564
8564
204
8564
8564
8564
8564
824
756
8564
8564
8564
204
8564
8564
8564
8564
8564
198
8564
204
513
8564
8564
8564
8564
216
8564
8564
8564
8564
8564
198
8564
8564
8564
204
8564
8564
513
8564
8564
8564
216
8564
198
8564
204
513
8564
8564
824
257
824
756
204
824
8564
8564
253
8564
8564
216
8564
724
234
8564
8564
204
824
8564
216
8564
1345
8564
8564
1345
1345
1345
8564
1345
4783
8564
824
8564
8564
8564
198
8564
204
8564
8564
8564
8564
8564
8564
8564
8564
8564
8564
253
8564
198
8564
204
8564
8564
8564
8564
8564
8564
198
8564
204
8564
8564
8564
8564
8564
8564
8564
8564
8564
8564
8564
8564
8564
8564
8564
8564
198
204
8564
8564
8564
8564
8564
198
8564
204
8564
513
8564
8564
824
8564
8564
8564
8564
8564
8564
8564
8564
198
8564
204
824
824
8564
824
8564
8564
8564
8564
8564
198
204
8564
8564
8564
8564
8564
198
204
8564
8564
8564
8564
8564
8564
8564
8564
8564
8564
8564
513
8564
8564
8564
8564
8564
765
8564
216
824
8564
8564
8564
513
8564
8564
824
8564
8564
8564
824
513
8564
8564
234
204
513
8564
8564
216
8564
8564
8564
8564
513
8564
8564
824
8564
8564
8564
8564
8564
8564
8564
8564
8564
8564
8564
513
8564
8564
824
8564
8564
8564
8564
8564
8564
824
8564
8564
8564
8564
8564
8564
198
204
8564
8564
8564
8564
8564
198
8564
204
8564
8564
8564
8564
8564
198
8564
204
8564
8564
8564
8564
8564
8564
8564
8564
8564
8564
8564
760
8564
8564
204
8564
8564
8564
293
8564
8564
8564
216
8564
8564
513
8564
547
253
8564
8564
216
824
8564
8564
8564
8564
8564
216
8564
824
8564
8564
8564
8564
547
8564
8564
8564
824
824
8564
8564
8564
8564
8564
8564
8564
8564
8564
8564
8564
8564
8564
8564
8564
198
8564
204
824
216
513
8564
8564
513
8564
8564
824
481
824
216
8564
8564
8564
824
216
8564
513
8564
8564
513
8564
8564
8564
824
8564
216
8564
8564
8564
8564
8564
8564
216
8564
8564
8564
8564
8564
8564
8564
216
8564
8564
8564
8564
8564
8564
8564
216
8564
8564
8564
8564
8564
824
8564
216
824
8564
8564
216
8564
8564
257
8564
1345
1345
1345
8564
4783
8564
8564
8564
8564
8564
198
204
824
824
824
824
8564
8564
8564
8564
8564
198
8564
8564
204
824
8564
198
8564
204
8564
8564
8564
8564
8564
8564
824
824
8564
216
8564
257
824
8564
216
8564
1345
8564
8564
198
204
8564
8564
8564
8564
8564
8564
8564
8564
8564
8564
8564
8564
513
8564
8564
8564
8564
8564
8564
8564
513
8564
8564
8564
8564
8564
8564
8564
513
8564
8564
8564
8564
8564
8564
8564
513
8564
8564
8564
8564
8564
8564
8564
513
8564
8564
8564
8564
8564
8564
8564
513
8564
8564
8564
8564
8564
8564
8564
513
8564
8564
8564
8564
8564
8564
8564
513
8564
8564
8564
8564
8564
8564
8564
513
8564
8564
8564
8564
8564
8564
8564
513
8564
8564
8564
8564
8564
8564
8564
513
8564
8564
8564
8564
8564
8564
8564
513
8564
8564
8564
8564
8564
8564
8564
513
8564
8564
8564
8564
8564
8564
8564
513
8564
8564
8564
8564
8564
8564
8564
513
8564
8564
8564
8564
8564
8564
8564
513
8564
8564
8564
8564
8564
8564
8564
513
8564
8564
8564
8564
8564
8564
8564
513
8564
8564
8564
8564
8564
8564
8564
513
8564
8564
8564
8564
8564
8564
8564
513
8564
8564
8564
8564
8564
8564
8564
513
8564
8564
8564
8564
8564
8564
8564
513
8564
8564
8564
8564
8564
8564
8564
513
8564
8564
8564
8564
8564
8564
8564
8564
8564
8564
8564
8564
513
8564
8564
513
8564
8564
481
481
8564
1345
1345
8564
4783
198
8564
204
8564
8564
8564
8564
8564
8564
8564
513
8564
8564
8564
8564
8564
8564
8564
513
8564
8564
8564
8564
8564
8564
8564
513
8564
8564
8564
8564
8564
8564
8564
8564
8564
8564
513
8564
8564
8564
8564
8564
8564
8564
513
8564
8564
8564
8564
8564
8564
8564
513
8564
8564
8564
8564
8564
8564
8564
513
8564
8564
8564
8564
8564
8564
8564
513
8564
8564
8564
8564
8564
8564
8564
513
8564
8564
8564
8564
8564
8564
8564
513
8564
8564
8564
8564
8564
8564
8564
513
8564
8564
8564
8564
8564
8564
8564
513
8564
8564
8564
8564
8564
8564
8564
513
8564
8564
8564
8564
8564
8564
8564
513
8564
8564
8564
8564
8564
8564
8564
513
8564
8564
8564
8564
8564
8564
8564
513
8564
8564
8564
8564
8564
8564
8564
513
8564
8564
8564
8564
8564
8564
8564
513
8564
8564
8564
8564
8564
8564
8564
513
8564
8564
8564
8564
8564
8564
8564
513
8564
8564
8564
8564
8564
8564
8564
513
8564
8564
8564
8564
8564
8564
8564
513
8564
8564
8564
8564
8564
8564
8564
513
8564
8564
8564
8564
8564
8564
8564
513
8564
8564
8564
8564
8564
8564
8564
513
8564
8564
8564
8564
8564
8564
8564
824
8564
216
8564
257
8564
8564
8564
8564
8564
8564
8564
8564
8564
8564
8564
8564
8564
8564
257
8564
8564
8564
8564
8564
8564
8564
8564
8564
8564
8564
8564
670
8564
8564
257
8564
1345
8564
8564
8564
8564
8564
8564
8564
756
204
8564
8564
8564
513
8564
8564
8564
670
8564
8564
216
257
8564
1345
8564
4783
8564
8564
8564
8564
8564
8564
8564
8564
8564
8564
513
394
8564
8564
8564
204
513
8564
8564
8564
675
670
8564
8564
257
513
8564
824
8564
8564
8564
513
8564
675
670
8564
8564
257
8564
1345
8564
8564
8564
8564
8564
8564
756
8564
204
513
8564
8564
216
8564
257
8564
1345
8564
257
8564
1345
1345
8564
8564
1345
4783
824
198
204
8564
8564
8564
513
8564
216
8564
8564
8564
824
513
198
8564
8564
204
824
257
8564
824
257
8564
1345
1345
8564
8564
8564
4783
8564
8564
8564
496
204
8564
8564
8564
8564
216
8564
513
8564
8564
8564
8564
8564
670
8564
8564
8564
8564
670
8564
8564
257
949
4774
670
858
513
765
670
8564
824
8564
8564
8564
8564
216
8564
1345
8564
4783
8564
8564
8564
8564
8564
824
8564
765
8564
8564
8564
670
8564
257
8564
1345
8564
4783
824
8564
8564
8564
8564
513
8564
8564
513
8564
8564
513
8564
8564
513
8564
8564
8564
8564
513
8564
513
8564
8564
513
8564
8564
8564
8564
8564
8564
8564
513
8564
8564
257
8564
1345
8564
4783
8564
8564
8564
8564
8564
824
8564
8564
8564
8564
765
670
8564
257
8564
1345
8564
4783
8564
8564
8564
8564
8564
253
8564
824
513
8564
547
8564
630
204
8564
8564
8564
8564
8564
564
8564
670
8564
8564
481
824
481
8564
8564
8564
8564
8564
8564
8564
8564
8564
8564
8564
8564
824
257
8564
1345
1345
1345
1345
1345
1345
1345
1345
1345
8564
1345
1345
1345
1345
1345
1345
1345
1345
1345
1345
8564
1345
8564
1345
4783
8564
8564
8564
8564
8564
198
204
8564
198
756
8564
8564
8564
8564
204
513
8564
8564
8564
216
513
8564
8564
8564
513
8564
513
8564
8564
513
8564
513
8564
513
8564
8564
8564
216
8564
756
8564
204
8564
8564
8564
8564
670
8564
8564
234
8564
204
513
8564
8564
8564
8564
1347
513
198
8564
8564
8564
204
8564
8564
8564
8564
8564
1011
8564
8564
564
670
8564
8564
724
234
8564
8564
8564
204
8564
8564
8564
8564
8564
8564
8564
8564
564
670
8564
8564
724
234
8564
8564
8564
204
8564
8564
8564
216
8564
513
8564
756
8564
8564
204
8564
8564
8564
8564
8564
8564
216
8564
8564
513
670
8564
8564
8564
8564
1347
1011
8564
8564
564
670
8564
8564
724
234
8564
8564
204
824
198
204
8564
8564
8564
198
8564
204
8564
824
756
204
198
8564
8564
8564
8564
204
8564
8564
8564
8564
8564
216
8564
8564
513
198
8564
8564
8564
8564
8564
204
8564
8564
513
8564
8564
513
8564
8564
8564
824
481
681
234
8564
8564
8564
8564
8564
8564
204
8564
8564
8564
216
8564
513
670
8564
8564
234
204
234
8564
204
8564
8564
1011
8564
8564
564
670
8564
8564
724
234
204
198
8564
8564
8564
8564
204
8564
8564
513
198
8564
8564
8564
8564
204
8564
513
8564
198
8564
8564
204
8564
8564
8564
216
8564
670
8564
8564
8564
8564
1347
513
198
8564
8564
8564
204
8564
8564
216
8564
8564
8564
8564
8564
216
513
670
8564
8564
1347
1011
564
670
8564
8564
724
234
8564
8564
8564
204
198
8564
204
8564
8564
216
8564
8564
8564
670
8564
8564
234
8564
8564
204
1011
234
8564
8564
8564
8564
8564
8564
204
8564
8564
513
198
8564
8564
8564
204
8564
8564
8564
216
824
481
8564
1345
8564
4783
8564
8564
8564
8564
8564
824
8564
8564
8564
8564
765
670
8564
257
8564
1345
8564
8564
198
204
513
8564
8564
198
204
8564
8564
8564
756
204
8564
8564
8564
8564
8564
257
257
824
257
8564
1345
1345
8564
1345
4783
756
8564
8564
204
8564
198
204
8564
8564
8564
8564
8564
513
8564
513
8564
513
8564
513
8564
8564
216
8564
412
204
8564
8564
824
198
204
8564
513
8564
216
8564
412
8564
513
204
8564
8564
8564
824
8564
412
8564
204
8564
198
8564
204
8564
198
8564
204
8564
8564
8564
198
8564
204
481
824
824
8564
481
824
216
8564
1345
1345
8564
4783
756
204
8564
8564
8564
8564
8564
564
670
8564
8564
234
204
547
513
630
204
8564
8564
8564
8564
8564
8564
8564
8564
198
8564
8564
8564
204
8564
8564
8564
216
481
8564
8564
8564
513
8564
8564
412
8564
204
8564
8564
8564
8564
8564
564
8564
216
8564
564
670
8564
216
824
824
481
8564
1345
1345
8564
4783
824
8564
8564
8564
756
204
8564
8564
8564
8564
8564
8564
8564
8564
8564
8564
8564
8564
8564
8564
8564
547
8564
824
8564
216
8564
257
8564
8564
8564
8564
8564
547
8564
8564
216
8564
1345
1345
8564
4783
8564
8564
8564
198
204
756
8564
204
824
198
8564
8564
204
8564
8564
8564
670
8564
8564
216
8564
257
8564
824
216
8564
1345
1345
1345
1345
8564
1345
8564
4783
824
198
204
8564
513
756
513
8564
8564
8564
204
8564
670
8564
8564
647
513
8564
824
198
8564
8564
8564
204
8564
8564
824
824
198
8564
8564
204
513
8564
216
824
8564
8564
824
824
198
8564
8564
204
8564
257
824
481
8564
1345
8564
4783
8564
8564
8564
8564
8564
253
8564
824
8564
547
8564
198
204
513
630
204
564
8564
670
8564
8564
198
204
8564
8564
8564
8564
8564
216
824
481
824
481
8564
8564
8564
8564
8564
8564
8564
8564
8564
8564
216
8564
8564
8564
8564
8564
8564
8564
8564
8564
8564
8564
8564
824
257
8564
1345
1345
8564
8564
8564
8564
8564
216
8564
8564
8564
513
412
8564
8564
204
8564
8564
8564
8564
8564
547
8564
257
8564
8564
8564
8564
8564
8564
8564
8564
8564
8564
8564
8564
8564
8564
8564
8564
8564
257
8564
8564
8564
8564
8564
8564
8564
8564
8564
8564
8564
8564
8564
8564
257
8564
1345
1345
8564
4783
198
8564
204
8564
8564
8564
8564
547
8564
216
8564
8564
257
8564
1345
1345
8564
4783
198
8564
204
8564
8564
8564
8564
547
8564
216
8564
8564
257
8564
1345
1345
1345
1345
8564
1345
4783
8564
8564
8564
8564
8564
198
8564
204
8564
8564
8564
8564
8564
8564
8564
8564
8564
8564
8564
8564
8564
8564
8564
8564
216
8564
8564
8564
8564
8564
8564
8564
8564
8564
8564
8564
914
198
8564
204
8564
8564
8564
198
204
8564
8564
234
204
8564
8564
8564
8564
8564
8564
8564
8564
8564
8564
394
204
824
8564
198
756
8564
8564
8564
8564
204
8564
481
8564
8564
8564
198
204
8564
8564
234
8564
204
824
8564
216
8564
8564
257
8564
8564
8564
198
204
8564
8564
234
204
824
8564
8564
8564
8564
8564
198
756
8564
8564
8564
8564
204
8564
8564
8564
198
204
8564
8564
234
204
824
216
824
8564
8564
8564
8564
8564
756
8564
204
8564
824
630
204
8564
8564
8564
8564
8564
198
204
8564
8564
513
8564
8564
481
4972
824
8564
8564
8564
198
8564
204
513
8564
513
8564
513
8564
513
8564
8564
216
8564
8564
8564
513
670
8564
8564
8564
8564
824
513
198
8564
8564
204
824
8564
198
756
8564
8564
8564
8564
204
198
8564
204
8564
8564
8564
198
204
8564
8564
234
204
824
216
824
198
204
8564
8564
8564
8564
8564
198
204
8564
513
8564
216
8564
8564
8564
513
8564
8564
8564
8564
513
8564
8564
8564
8564
513
8564
8564
824
8564
8564
216
8564
824
412
8564
8564
496
424
810
8564
216
198
8564
204
8564
8564
8564
8564
8564
8564
8564
8564
412
8564
204
824
216
8564
1345
8564
4783
824
257
8564
8564
257
8564
1345
8564
4783
824
481
8564
1345
8564
4783
824
257
8564
8564
257
8564
1345
8564
4783
198
204
198
8564
204
824
216
481
824
481
8564
1345
8564
4783
409
824
481
824
824
481
824
824
481
8564
1345
1345
1345
1345
8564
1345
8564
8564
1345
4783
198
204
8564
8564
8564
8564
8564
8564
8564
8564
8564
513
8564
513
8564
513
8564
513
8564
216
8564
8564
8564
8564
8564
8564
513
496
204
8564
8564
8564
8564
8564
670
8564
8564
234
8564
8564
8564
204
8564
8564
8564
8564
216
8564
8564
234
8564
204
8564
496
204
824
198
204
8564
8564
8564
198
204
8564
513
8564
8564
670
8564
8564
234
8564
8564
8564
204
681
234
8564
8564
8564
204
8564
8564
496
204
824
198
204
8564
8564
8564
198
204
8564
513
8564
216
8564
8564
8564
670
8564
8564
1347
8564
496
204
8564
513
8564
198
8564
204
481
8564
8564
8564
824
8564
8564
8564
412
496
424
810
8564
8564
670
8564
8564
234
8564
8564
8564
204
8564
8564
8564
824
8564
8564
8564
412
496
424
810
8564
216
8564
1345
1345
1345
1345
1345
8564
1345
4783
198
204
8564
8564
8564
8564
8564
8564
8564
513
8564
513
8564
513
8564
216
8564
8564
8564
756
204
8564
8564
8564
670
8564
8564
8564
8564
1347
513
670
8564
8564
8564
1347
8564
756
8564
204
8564
8564
8564
8564
216
8564
8564
216
8564
8564
670
8564
8564
681
234
8564
8564
204
824
198
204
8564
198
204
8564
513
198
756
8564
8564
8564
8564
8564
204
8564
513
8564
198
8564
204
481
8564
513
8564
216
8564
8564
756
204
8564
670
8564
8564
1347
824
198
204
8564
8564
8564
198
8564
204
8564
824
756
8564
204
634
8564
204
8564
216
8564
824
756
204
8564
198
8564
204
513
8564
216
8564
1345
1345
1345
1345
1345
1345
1345
1345
1345
1345
1345
8564
1345
4783
198
204
8564
513
8564
513
8564
513
8564
513
8564
513
8564
513
8564
216
8564
513
8564
8564
513
8564
8564
8564
8564
8564
8564
8564
513
496
204
8564
513
8564
8564
8564
8564
670
8564
8564
234
234
424
8564
496
8564
8564
8564
204
824
198
204
513
8564
8564
8564
8564
198
204
8564
513
8564
8564
8564
8564
8564
8564
216
8564
8564
8564
513
8564
8564
8564
496
8564
204
8564
8564
216
8564
8564
670
8564
8564
1347
824
198
204
8564
8564
8564
198
204
8564
513
8564
8564
8564
8564
496
8564
204
8564
513
8564
8564
216
8564
198
8564
204
481
198
204
8564
8564
8564
8564
394
8564
8564
8564
204
8564
8564
8564
8564
216
8564
8564
8564
670
8564
8564
8564
8564
1347
824
198
204
8564
8564
8564
198
204
8564
8564
8564
8564
513
8564
394
8564
8564
8564
204
8564
8564
8564
513
8564
8564
216
8564
8564
824
412
8564
8564
8564
8564
496
424
204
8564
216
496
8564
204
8564
8564
8564
824
8564
8564
412
8564
8564
8564
496
424
810
8564
394
8564
8564
8564
204
8564
8564
8564
824
8564
8564
412
8564
8564
8564
496
424
8564
8564
204
8564
8564
513
8564
8564
216
8564
1345
1345
1345
1345
1345
1345
1345
1345
1345
1345
1345
1345
8564
1345
4783
198
204
8564
8564
8564
8564
8564
8564
8564
513
8564
513
8564
8564
8564
513
8564
513
8564
513
8564
513
8564
216
8564
8564
8564
8564
8564
8564
513
496
204
8564
8564
8564
8564
8564
8564
8564
8564
8564
670
8564
8564
647
564
670
8564
8564
8564
8564
4689
687
8564
234
424
8564
8564
204
8564
8564
675
8564
8564
8564
8564
8564
8564
533
8564
496
204
824
198
204
8564
8564
8564
198
204
8564
513
8564
216
8564
8564
8564
8564
8564
8564
8564
8564
670
8564
8564
647
564
670
8564
8564
4689
687
8564
8564
8564
8564
204
8564
675
681
234
8564
8564
204
8564
8564
496
204
824
198
204
8564
8564
8564
198
204
8564
513
8564
216
8564
8564
8564
8564
8564
670
8564
8564
1347
8564
496
204
8564
513
8564
198
8564
204
481
8564
8564
8564
8564
204
8564
8564
198
8564
8564
8564
8564
8564
204
8564
8564
8564
496
8564
8564
204
8564
496
8564
8564
204
824
198
204
8564
8564
8564
198
204
8564
513
8564
216
8564
8564
8564
8564
8564
8564
8564
8564
670
8564
8564
647
564
670
8564
8564
4689
687
8564
8564
204
8564
8564
824
412
8564
8564
496
424
810
8564
216
8564
8564
824
412
8564
8564
496
424
810
8564
216
8564
8564
824
412
8564
8564
496
424
810
8564
216
8564
1345
1345
1345
1345
1345
1345
1345
1345
1345
1345
1345
1345
1345
1345
8564
1345
8564
8564
1345
4783
198
204
8564
8564
8564
8564
8564
513
8564
513
8564
513
8564
8564
8564
513
8564
8564
513
8564
513
8564
513
8564
216
8564
8564
8564
756
204
8564
8564
8564
8564
670
8564
8564
1347
513
670
8564
8564
1347
8564
8564
8564
8564
647
8564
8564
8564
564
670
8564
8564
8564
4618
8564
234
580
955
8564
8564
216
8564
8564
8564
824
198
204
8564
8564
8564
198
204
8564
8564
8564
8564
513
8564
670
8564
8564
647
8564
8564
8564
564
670
8564
8564
8564
4618
8564
234
580
955
8564
8564
8564
216
8564
8564
8564
700
8564
204
8564
756
204
8564
8564
8564
216
8564
8564
216
8564
8564
8564
8564
670
8564
8564
681
234
8564
8564
204
824
198
204
8564
198
204
8564
513
198
756
8564
8564
8564
8564
8564
204
8564
513
8564
198
8564
204
481
8564
824
756
204
8564
198
8564
204
8564
8564
8564
216
8564
824
198
204
8564
8564
8564
198
204
8564
513
8564
8564
216
8564
8564
8564
756
8564
204
8564
8564
8564
8564
8564
8564
670
8564
8564
647
564
670
8564
8564
724
234
8564
234
424
8564
8564
204
8564
8564
8564
216
8564
756
8564
204
8564
216
647
8564
8564
8564
8564
564
670
8564
8564
724
234
234
8564
8564
8564
204
8564
513
8564
8564
216
8564
8564
8564
756
8564
204
8564
8564
8564
8564
8564
8564
670
8564
8564
647
564
670
8564
8564
724
234
8564
8564
204
8564
8564
8564
8564
533
8564
824
198
204
8564
8564
8564
198
8564
204
8564
8564
8564
824
756
204
8564
8564
8564
216
8564
8564
8564
216
198
8564
204
8564
647
8564
8564
8564
8564
8564
8564
564
670
8564
8564
8564
4618
8564
234
580
955
8564
8564
216
8564
8564
8564
824
756
204
8564
8564
8564
216
8564
8564
824
756
8564
8564
204
8564
8564
670
8564
8564
647
8564
8564
8564
564
670
8564
8564
8564
4618
8564
234
580
955
8564
8564
8564
216
8564
8564
8564
8564
8564
647
8564
8564
8564
564
670
8564
8564
8564
4618
8564
234
580
955
8564
8564
8564
216
8564
1345
1345
8564
4783
756
204
8564
8564
8564
8564
8564
198
204
8564
647
8564
8564
564
253
670
8564
8564
8564
234
8564
204
824
8564
216
8564
257
824
481
824
481
824
8564
216
8564
1345
1345
8564
4783
756
204
8564
8564
8564
8564
8564
8564
8564
8564
513
8564
8564
496
204
8564
647
8564
8564
564
253
670
8564
8564
8564
234
8564
204
824
8564
216
8564
257
824
481
824
481
824
8564
216
8564
1345
1345
1345
1345
1345
1345
1345
1345
1345
1345
1345
1345
1345
1345
1345
1345
1345
1345
8564
1345
4783
8564
8564
198
204
8564
8564
8564
8564
8564
8564
8564
8564
8564
8564
513
496
204
8564
8564
8564
8564
513
8564
8564
513
8564
513
8564
8564
513
8564
513
8564
513
8564
513
8564
513
8564
8564
8564
216
8564
8564
8564
670
8564
8564
234
234
424
8564
394
8564
204
8564
824
198
204
513
8564
8564
8564
8564
198
204
8564
513
8564
8564
8564
8564
8564
8564
216
8564
8564
8564
513
8564
8564
8564
394
8564
8564
204
8564
8564
216
8564
8564
670
8564
8564
1347
824
198
204
8564
8564
8564
198
204
8564
513
8564
8564
8564
8564
394
8564
8564
204
8564
8564
8564
412
8564
204
8564
513
8564
8564
8564
513
394
8564
8564
204
481
8564
8564
8564
8564
647
8564
8564
564
670
8564
8564
724
234
234
8564
8564
8564
8564
204
8564
8564
8564
8564
8564
513
8564
8564
8564
8564
216
8564
8564
496
204
8564
8564
8564
8564
670
8564
8564
647
564
670
8564
8564
724
234
8564
204
8564
8564
533
8564
8564
8564
824
198
8564
204
8564
8564
8564
198
8564
204
8564
8564
824
412
8564
8564
204
8564
8564
8564
496
8564
204
8564
8564
8564
8564
8564
216
8564
8564
824
412
8564
8564
8564
8564
496
424
810
8564
394
8564
8564
204
8564
8564
8564
8564
8564
8564
216
8564
513
8564
8564
8564
8564
8564
216
8564
8564
8564
824
198
8564
204
8564
8564
8564
198
204
8564
8564
8564
8564
8564
513
8564
8564
8564
8564
216
8564
8564
496
204
8564
8564
8564
8564
670
8564
8564
647
564
670
8564
8564
724
234
8564
234
424
8564
8564
204
8564
8564
216
8564
8564
8564
8564
824
8564
8564
412
204
8564
8564
8564
8564
496
8564
8564
8564
8564
204
8564
8564
216
8564
8564
824
412
8564
8564
8564
8564
496
424
8564
8564
8564
204
8564
1345
1345
8564
4783
756
204
8564
8564
8564
8564
564
253
670
8564
8564
8564
234
8564
204
824
8564
216
8564
257
824
481
824
8564
216
8564
1345
8564
4783
824
257
8564
1345
8564
4783
8564
8564
8564
8564
8564
8564
8564
8564
8564
8564
8564
8564
8564
8564
8564
8564
198
204
824
216
481
8564
1345
8564
4783
824
824
824
257
8564
1345
8564
8564
1345
4783
8564
8564
8564
8564
8564
8564
8564
8564
8564
8564
394
204
8564
8564
8564
8564
8564
670
8564
8564
1347
513
8564
8564
681
234
8564
8564
204
824
198
204
8564
8564
8564
8564
8564
198
204
8564
513
8564
216
8564
914
513
8564
8564
513
8564
8564
824
481
513
8564
8564
824
8564
216
8564
8564
8564
8564
8564
8564
513
8564
8564
513
8564
8564
8564
824
481
513
8564
8564
824
8564
216
513
8564
8564
824
481
824
8564
8564
394
204
8564
824
412
8564
8564
204
496
204
8564
216
8564
216
8564
1345
8564
4783
824
824
481
8564
1345
8564
4783
8564
8564
8564
8564
8564
8564
8564
8564
8564
8564
394
204
824
481
824
198
204
8564
8564
8564
8564
8564
198
204
8564
513
8564
216
8564
824
412
8564
8564
496
424
810
8564
216
8564
1345
8564
4783
824
824
481
8564
1345
1345
1345
1345
8564
1345
1345
1345
8564
8564
1345
4783
8564
8564
8564
914
824
8564
216
8564
8564
8564
8564
8564
8564
547
8564
257
8564
513
8564
8564
8564
8564
201
204
8564
8564
8564
8564
8564
8564
8564
8564
8564
8564
8564
8564
216
8564
8564
513
8564
8564
513
8564
8564
824
8564
216
8564
513
8564
8564
8564
8564
201
8564
8564
8564
8564
204
513
8564
8564
216
8564
824
513
8564
8564
8564
8564
513
8564
8564
8564
513
8564
8564
824
824
824
8564
8564
8564
824
8564
216
513
8564
8564
8564
8564
8564
201
8564
8564
8564
8564
204
8564
8564
8564
8564
8564
8564
513
8564
8564
564
253
670
8564
8564
724
234
8564
8564
8564
204
8564
8564
198
8564
204
513
8564
8564
8564
8564
496
204
8564
216
8564
8564
8564
8564
8564
198
204
8564
8564
8564
198
204
8564
8564
234
8564
204
513
8564
8564
8564
8564
513
8564
8564
8564
8564
513
8564
8564
824
8564
198
8564
204
8564
8564
234
8564
204
8564
824
824
8564
216
513
8564
8564
8564
8564
8564
8564
8564
564
670
8564
8564
8564
8564
216
8564
513
8564
8564
496
8564
204
8564
8564
8564
8564
8564
8564
8564
8564
8564
8564
394
8564
204
824
198
204
8564
8564
8564
8564
8564
198
204
8564
513
8564
8564
216
8564
8564
8564
8564
8564
8564
8564
8564
513
8564
8564
496
204
8564
8564
8564
8564
8564
8564
8564
394
8564
8564
204
824
198
204
8564
8564
8564
8564
8564
198
204
8564
513
8564
8564
8564
8564
216
8564
824
513
8564
8564
8564
8564
513
8564
8564
8564
8564
513
8564
8564
824
8564
513
8564
8564
8564
8564
8564
564
513
670
8564
8564
8564
234
8564
204
8564
8564
8564
216
8564
8564
8564
8564
8564
513
8564
8564
8564
8564
8564
8564
8564
8564
8564
824
8564
216
8564
8564
8564
8564
216
824
216
8564
8564
513
8564
8564
496
8564
204
8564
8564
8564
8564
8564
8564
8564
8564
8564
8564
394
8564
204
824
198
204
8564
8564
8564
8564
8564
198
204
8564
8564
513
8564
8564
216
824
8564
8564
216
824
8564
8564
8564
8564
216
824
8564
8564
8564
216
8564
1345
8564
4783
824
481
8564
1345
8564
4783
824
824
481
8564
1345
1345
1345
1345
1345
8564
4783
513
8564
8564
198
8564
204
513
8564
8564
8564
8564
8564
8564
8564
634
547
198
8564
204
198
204
513
8564
8564
8564
216
8564
824
8564
216
8564
8564
8564
198
756
8564
8564
8564
8564
8564
204
8564
257
824
216
824
513
8564
8564
198
513
8564
8564
8564
204
824
8564
216
8564
513
8564
8564
8564
8564
198
756
8564
8564
8564
8564
8564
204
8564
8564
198
204
513
8564
8564
198
204
513
8564
8564
756
8564
204
513
8564
8564
8564
8564
8564
216
513
8564
8564
8564
216
513
8564
8564
756
204
824
8564
216
8564
1345
8564
4783
513
8564
8564
8564
8564
756
204
824
216
513
8564
8564
513
8564
8564
8564
8564
824
513
8564
8564
8564
8564
547
198
204
513
8564
8564
8564
8564
198
204
824
216
8564
253
8564
481
824
216
8564
1345
1345
8564
4783
198
204
824
8564
216
8564
257
513
8564
8564
8564
8564
198
8564
204
513
8564
8564
8564
8564
198
8564
204
824
8564
216
8564
1345
1345
8564
1345
4783
8564
8564
8564
8564
564
253
670
8564
8564
8564
234
8564
204
513
8564
8564
513
8564
8564
8564
8564
8564
8564
394
204
8564
513
8564
8564
198
513
8564
513
8564
8564
204
8564
8564
8564
824
513
198
8564
8564
204
8564
8564
824
481
824
8564
216
8564
1345
8564
4783
513
8564
8564
8564
8564
198
204
513
8564
8564
8564
8564
412
204
481
824
630
204
513
8564
8564
8564
8564
198
204
8564
513
8564
481
824
8564
216
8564
1345
8564
4783
513
8564
8564
8564
8564
394
204
513
8564
8564
8564
8564
824
8564
481
824
481
8564
8564
257
8564
1345
1345
1345
1345
1345
1345
1345
1345
1345
1345
1345
1345
1345
1345
1345
8564
4783
513
8564
8564
513
8564
8564
513
8564
8564
8564
8564
8564
8564
670
8564
8564
824
513
8564
8564
8564
8564
513
8564
8564
8564
8564
412
8564
204
8564
8564
8564
564
670
8564
8564
8564
687
8564
8564
204
8564
198
8564
8564
204
8564
394
394
8564
8564
204
8564
670
8564
8564
8564
8564
1347
513
8564
8564
216
8564
513
8564
8564
198
8564
8564
204
8564
8564
394
8564
8564
204
8564
8564
8564
8564
216
513
8564
8564
8564
8564
547
198
8564
204
824
257
8564
8564
8564
564
670
8564
8564
8564
216
513
8564
8564
8564
8564
8564
564
513
670
8564
8564
724
234
8564
8564
204
8564
198
8564
204
824
198
8564
204
513
8564
8564
8564
8564
547
8564
481
824
257
496
204
8564
8564
204
8564
8564
8564
564
8564
564
670
8564
8564
8564
8564
216
8564
8564
198
8564
8564
8564
204
394
8564
204
8564
670
8564
8564
681
234
8564
8564
8564
204
513
412
8564
8564
8564
204
8564
670
8564
8564
8564
1347
513
412
8564
8564
8564
204
8564
756
8564
204
8564
8564
513
496
204
8564
670
8564
8564
234
234
424
8564
496
8564
204
824
198
204
513
8564
8564
8564
8564
198
204
8564
513
8564
8564
8564
8564
216
8564
8564
8564
564
670
8564
8564
8564
216
8564
412
204
756
8564
8564
8564
204
8564
8564
8564
8564
216
8564
8564
216
8564
394
8564
204
8564
8564
8564
216
8564
824
412
8564
8564
496
424
810
8564
8564
8564
8564
216
8564
1345
8564
4783
513
8564
8564
513
8564
8564
513
8564
8564
824
8564
8564
513
8564
8564
513
8564
8564
8564
670
8564
8564
8564
8564
670
8564
8564
824
513
8564
8564
8564
8564
547
198
204
481
824
257
8564
1345
1345
8564
4783
513
8564
8564
198
8564
204
513
8564
8564
8564
8564
547
8564
8564
216
8564
257
513
8564
8564
201
204
513
8564
8564
8564
8564
547
198
8564
204
547
8564
216
824
257
513
8564
8564
412
204
513
630
204
513
8564
8564
8564
8564
547
409
513
8564
8564
253
8564
8564
8564
8564
513
8564
8564
8564
8564
216
824
824
756
204
824
198
204
8564
680
8564
824
756
204
8564
824
257
513
631
198
8564
8564
204
513
8564
8564
8564
8564
513
8564
8564
8564
8564
824
513
8564
8564
513
8564
8564
8564
8564
547
8564
824
257
8564
547
8564
216
253
8564
216
824
257
8564
8564
216
8564
1345
1345
8564
4783
824
756
513
8564
8564
8564
204
824
8564
8564
216
8564
257
8564
1345
8564
4783
513
8564
8564
8564
8564
824
513
8564
8564
8564
8564
8564
756
204
824
257
8564
481
8564
1345
1345
1345
1345
1345
1345
8564
4783
513
8564
8564
513
8564
8564
8564
8564
198
8564
8564
8564
204
198
204
513
8564
8564
8564
8564
513
8564
8564
513
8564
8564
513
8564
8564
513
8564
8564
8564
8564
513
8564
8564
513
8564
8564
8564
8564
513
8564
8564
513
8564
8564
513
8564
8564
8564
8564
8564
216
8564
8564
8564
513
8564
8564
513
8564
8564
8564
8564
8564
8564
8564
564
547
253
670
8564
8564
8564
234
8564
204
8564
198
8564
204
513
8564
8564
8564
8564
547
198
204
253
8564
257
513
8564
8564
198
204
513
8564
8564
824
756
8564
8564
204
824
8564
216
513
8564
8564
824
8564
216
8564
756
8564
204
8564
824
8564
257
824
8564
513
8564
8564
8564
8564
8564
8564
8564
216
513
8564
8564
513
8564
8564
8564
8564
8564
824
513
8564
8564
8564
8564
547
8564
824
8564
216
824
8564
216
824
513
8564
8564
8564
8564
8564
8564
8564
8564
216
8564
1345
1345
1345
1345
1345
1345
8564
4783
513
8564
8564
513
8564
8564
8564
8564
198
8564
8564
8564
204
198
204
513
8564
8564
8564
8564
513
8564
8564
513
8564
8564
513
8564
8564
513
8564
8564
8564
8564
513
8564
8564
513
8564
8564
8564
8564
513
8564
8564
513
8564
8564
513
8564
8564
8564
8564
8564
216
8564
8564
8564
513
8564
8564
513
8564
8564
8564
8564
8564
8564
8564
564
547
253
670
8564
8564
8564
234
8564
204
8564
198
8564
204
513
8564
8564
8564
8564
547
198
204
253
8564
257
513
8564
8564
198
204
513
8564
8564
824
756
8564
8564
204
824
8564
216
513
8564
8564
824
8564
216
8564
756
8564
204
8564
824
8564
257
824
8564
513
8564
8564
8564
8564
8564
8564
8564
216
513
8564
8564
513
8564
8564
8564
8564
8564
824
513
8564
8564
8564
8564
547
8564
824
8564
216
824
8564
216
824
513
8564
8564
8564
8564
8564
8564
8564
8564
216
8564
1345
1345
1345
1345
1345
1345
8564
4783
513
8564
8564
513
8564
8564
8564
8564
198
8564
8564
8564
204
198
204
513
8564
8564
8564
8564
513
8564
8564
513
8564
8564
513
8564
8564
513
8564
8564
8564
8564
513
8564
8564
513
8564
8564
8564
8564
513
8564
8564
513
8564
8564
513
8564
8564
8564
8564
8564
216
8564
8564
8564
513
8564
8564
513
8564
8564
8564
8564
8564
8564
8564
564
547
253
670
8564
8564
8564
234
8564
204
8564
198
8564
204
513
8564
8564
8564
8564
547
198
204
253
8564
257
513
8564
8564
198
204
513
8564
8564
824
756
8564
8564
204
824
8564
216
513
8564
8564
824
8564
216
8564
756
8564
204
8564
824
8564
257
824
8564
513
8564
8564
8564
8564
8564
8564
8564
216
513
8564
8564
513
8564
8564
8564
8564
8564
824
513
8564
8564
8564
8564
547
8564
824
8564
216
824
8564
216
824
513
8564
8564
8564
8564
8564
8564
8564
8564
216
8564
1345
1345
1345
1345
8564
8564
1345
4783
756
204
513
8564
8564
8564
8564
198
204
824
630
204
513
8564
8564
8564
8564
198
204
513
8564
8564
8564
8564
670
8564
8564
8564
216
8564
8564
8564
8564
8564
765
885
885
773
756
198
756
8564
424
810
513
8564
8564
513
8564
8564
824
8564
756
8564
204
8564
412
8564
204
8564
257
824
481
513
8564
8564
824
8564
8564
8564
8564
8564
216
824
8564
216
824
8564
216
8564
1345
1345
1345
1345
1345
1345
1345
1345
1345
8564
1345
1345
4783
513
8564
8564
513
8564
8564
8564
8564
8564
8564
394
204
481
8564
824
630
204
513
8564
8564
8564
8564
198
204
198
204
513
8564
513
8564
513
8564
513
8564
513
8564
513
8564
8564
8564
216
8564
8564
8564
8564
564
670
8564
8564
198
8564
8564
204
8564
824
8564
8564
824
8564
8564
8564
496
204
513
8564
216
8564
8564
824
824
824
8564
216
8564
513
198
8564
8564
204
8564
8564
8564
8564
8564
8564
394
204
8564
8564
8564
8564
8564
8564
8564
8564
670
8564
8564
647
564
670
8564
8564
8564
4689
687
8564
204
4689
687
204
8564
8564
8564
8564
564
670
8564
8564
198
8564
8564
8564
204
8564
8564
8564
824
8564
216
8564
8564
824
8564
216
8564
824
8564
765
198
204
513
8564
513
8564
513
8564
8564
513
8564
513
8564
513
8564
513
8564
513
8564
513
8564
513
8564
513
513
8564
8564
216
8564
198
8564
8564
204
8564
8564
8564
8564
8564
8564
8564
8564
8564
756
204
670
8564
8564
216
824
8564
8564
824
8564
8564
8564
496
204
8564
8564
824
824
824
216
513
198
8564
204
8564
8564
8564
8564
8564
8564
496
204
8564
765
8564
8564
8564
8564
8564
670
8564
8564
8564
8564
631
204
198
204
8564
8564
216
8564
8564
8564
198
8564
8564
204
8564
198
204
8564
8564
198
8564
8564
8564
204
8564
8564
824
216
8564
8564
216
8564
8564
8564
8564
8564
8564
670
8564
8564
1011
8564
8564
216
8564
8564
8564
394
204
824
198
204
8564
8564
8564
198
204
8564
8564
8564
513
8564
216
8564
8564
8564
8564
824
8564
412
8564
8564
8564
8564
8564
496
424
204
8564
8564
8564
216
8564
1345
1345
1345
1345
8564
1345
4783
756
204
513
8564
8564
8564
8564
198
204
756
204
824
630
204
513
8564
8564
8564
8564
198
204
824
630
204
513
8564
8564
8564
8564
198
204
8564
765
8564
216
8564
8564
756
8564
204
8564
8564
513
8564
8564
513
8564
8564
824
8564
216
8564
257
824
8564
756
8564
8564
204
8564
8564
216
824
481
824
8564
216
824
8564
216
8564
1345
8564
8564
8564
1345
8564
8564
1345
4783
8564
198
204
513
8564
513
8564
513
8564
8564
8564
8564
216
513
8564
513
8564
8564
8564
513
8564
513
8564
513
8564
513
8564
513
8564
216
824
630
204
8564
8564
8564
198
204
8564
8564
8564
824
216
513
198
8564
8564
8564
8564
204
8564
8564
8564
8564
394
8564
8564
8564
204
8564
8564
8564
8564
824
8564
394
204
8564
8564
8564
394
204
824
198
204
8564
8564
8564
198
204
8564
513
8564
216
8564
8564
824
216
8564
8564
8564
8564
8564
8564
824
824
481
8564
8564
824
412
8564
8564
8564
8564
204
496
204
8564
216
8564
216
8564
1345
8564
1345
4783
824
756
204
824
630
204
513
8564
8564
8564
8564
198
204
675
513
8564
8564
216
513
8564
8564
513
8564
8564
8564
8564
513
8564
8564
8564
8564
409
824
824
257
513
293
8564
8564
216
481
8564
1345
1345
8564
4783
824
513
8564
8564
513
8564
8564
8564
8564
8564
8564
394
204
513
8564
8564
8564
8564
670
8564
8564
681
234
8564
8564
204
513
412
8564
8564
204
8564
670
8564
8564
1347
513
412
8564
8564
204
481
8564
1345
8564
4783
824
257
8564
1345
1345
1345
8564
4783
914
425
204
198
204
198
8564
204
513
8564
8564
513
8564
8564
216
513
8564
8564
8564
8564
198
8564
204
513
8564
8564
198
8564
204
513
8564
8564
198
8564
204
879
198
8564
810
513
8564
8564
216
824
8564
216
8564
257
513
8564
8564
513
8564
8564
513
8564
8564
8564
8564
198
8564
8564
204
513
8564
8564
8564
8564
547
198
8564
204
824
756
8564
204
513
8564
8564
216
513
8564
8564
513
8564
8564
216
198
8564
204
513
8564
8564
513
8564
8564
216
8564
824
513
8564
8564
513
8564
8564
8564
253
8564
8564
8564
513
8564
8564
513
8564
8564
513
8564
8564
513
8564
8564
8564
216
8564
1345
198
8564
204
425
204
8564
914
8564
216
8564
216
8564
257
198
8564
204
198
8564
8564
204
8564
216
8564
1345
1345
1345
1345
1345
1345
1345
1345
1345
1345
1345
1345
1345
1345
1345
1345
1345
1345
1345
1345
1345
1345
8564
8564
1345
4783
513
8564
8564
513
8564
8564
824
8564
198
204
756
8564
8564
204
513
8564
8564
8564
216
513
8564
8564
513
8564
513
8564
513
8564
513
8564
8564
8564
216
8564
8564
513
8564
8564
513
8564
8564
513
8564
8564
513
8564
8564
8564
879
513
8564
8564
8564
513
8564
513
8564
513
8564
513
8564
8564
8564
216
8564
8564
824
198
8564
8564
204
8564
8564
8564
198
8564
8564
8564
8564
204
8564
8564
8564
513
8564
8564
394
8564
8564
204
8564
8564
8564
670
8564
8564
1011
8564
824
8564
412
204
8564
670
824
198
8564
8564
204
8564
8564
8564
198
8564
8564
8564
8564
8564
204
8564
8564
8564
8564
8564
8564
8564
824
8564
8564
8564
394
8564
8564
204
824
481
513
198
8564
8564
8564
8564
204
8564
513
8564
8564
8564
8564
481
8564
8564
824
198
8564
8564
204
8564
8564
8564
198
8564
8564
8564
8564
204
8564
8564
513
8564
8564
216
8564
756
204
8564
8564
670
8564
8564
1011
8564
824
8564
412
204
8564
670
824
198
8564
8564
204
8564
8564
8564
198
8564
8564
8564
8564
8564
204
8564
8564
8564
8564
8564
8564
824
513
412
810
8564
8564
216
513
198
8564
8564
8564
8564
204
824
630
204
513
8564
8564
8564
8564
198
204
513
8564
8564
8564
8564
513
8564
8564
8564
8564
670
8564
8564
1011
513
8564
8564
824
198
8564
204
8564
513
8564
216
8564
8564
513
8564
8564
496
204
8564
8564
824
8564
8564
8564
8564
670
8564
8564
1011
8564
824
198
8564
204
8564
513
8564
8564
8564
756
8564
204
513
8564
8564
8564
8564
8564
8564
216
8564
8564
8564
513
8564
513
8564
513
8564
8564
216
8564
8564
8564
8564
8564
824
8564
8564
8564
412
8564
204
8564
8564
670
8564
8564
1011
8564
824
198
8564
204
513
8564
8564
8564
216
8564
513
8564
8564
8564
8564
824
481
8564
1345
1345
1345
8564
1345
4783
513
8564
8564
8564
8564
198
8564
204
513
8564
8564
8564
8564
547
198
8564
204
824
756
8564
204
824
630
204
513
8564
8564
8564
8564
198
204
675
513
8564
8564
216
513
8564
8564
8564
216
8564
8564
8564
409
824
824
8564
216
8564
257
824
513
8564
8564
8564
8564
513
8564
8564
513
8564
8564
257
513
8564
293
8564
8564
647
8564
216
513
293
8564
8564
216
8564
1345
8564
4783
513
8564
8564
8564
8564
198
8564
204
824
216
824
257
8564
1345
1345
1345
8564
4783
513
8564
8564
513
8564
8564
198
204
824
513
8564
8564
8564
513
8564
8564
8564
8564
513
8564
8564
8564
8564
198
204
824
216
481
824
513
8564
8564
8564
8564
216
8564
670
513
8564
8564
234
8564
204
8564
8564
670
8564
8564
216
513
8564
8564
8564
204
513
8564
8564
8564
8564
8564
216
8564
8564
8564
513
412
8564
8564
204
513
8564
8564
513
8564
8564
234
513
8564
8564
513
8564
8564
513
8564
8564
8564
8564
8564
513
8564
8564
513
8564
8564
8564
204
513
8564
8564
513
8564
8564
412
8564
204
513
8564
8564
216
513
8564
8564
234
8564
204
513
8564
8564
513
8564
8564
412
8564
204
513
513
8564
8564
216
513
8564
8564
234
8564
204
513
8564
8564
513
8564
8564
412
8564
204
513
513
8564
8564
216
513
8564
8564
234
8564
204
513
8564
8564
513
8564
8564
412
8564
204
513
513
8564
8564
216
8564
8564
8564
8564
8564
8564
216
8564
8564
513
8564
8564
8564
8564
547
198
204
513
8564
8564
8564
8564
513
513
8564
8564
8564
8564
481
824
257
8564
8564
513
8564
8564
8564
8564
547
198
204
513
8564
8564
8564
8564
513
513
8564
8564
8564
8564
481
824
257
8564
1345
1345
1345
8564
8564
4783
513
8564
8564
8564
8564
8564
513
394
513
8564
8564
204
8564
8564
8564
8564
8564
216
8564
8564
8564
564
670
824
8564
8564
8564
8564
564
670
8564
8564
8564
8564
513
8564
8564
513
513
8564
8564
8564
257
513
513
8564
8564
824
8564
8564
8564
8564
8564
8564
216
8564
1345
1345
1345
1345
1345
8564
1345
4783
513
8564
8564
198
8564
8564
204
8564
513
513
513
8564
8564
513
513
8564
8564
513
8564
8564
824
198
8564
8564
8564
8564
204
8564
8564
564
670
513
513
8564
8564
8564
8564
513
8564
8564
824
198
8564
8564
8564
8564
204
8564
513
8564
8564
8564
8564
8564
8564
216
8564
257
8564
824
257
8564
1345
1345
1345
1345
1345
1345
1345
1345
8564
1345
4783
8564
824
8564
8564
8564
8564
8564
8564
8564
198
513
8564
513
8564
513
8564
8564
8564
8564
8564
8564
204
564
8564
8564
8564
8564
8564
670
8564
8564
513
670
8564
8564
8564
8564
198
670
8564
8564
670
8564
8564
8564
8564
8564
8564
8564
204
8564
8564
8564
513
394
8564
8564
204
513
564
8564
8564
824
8564
8564
216
8564
8564
8564
8564
8564
513
8564
8564
513
8564
8564
8564
8564
8564
8564
8564
257
8564
1345
1345
8564
4783
824
8564
8564
216
8564
8564
8564
513
8564
8564
513
412
8564
8564
204
257
8564
1345
1345
8564
8564
216
513
8564
8564
198
8564
8564
204
513
412
8564
8564
204
8564
8564
8564
234
8564
204
8564
257
8564
1345
1345
8564
4783
824
8564
216
8564
564
670
8564
8564
670
8564
8564
513
8564
8564
513
8564
8564
513
8564
8564
8564
204
257
8564
1345
1345
1345
8564
4783
824
513
8564
8564
8564
8564
8564
216
8564
8564
8564
513
412
8564
8564
204
513
8564
8564
8564
513
8564
8564
8564
8564
513
8564
8564
8564
8564
216
8564
8564
8564
513
412
8564
8564
204
257
8564
1345
1345
1345
1345
1345
8564
1345
4783
198
8564
204
8564
513
8564
513
8564
8564
216
647
234
8564
8564
204
8564
8564
8564
824
8564
216
8564
513
412
8564
8564
204
8564
513
8564
8564
234
8564
204
8564
8564
8564
513
824
8564
8564
824
412
8564
8564
8564
204
8564
8564
216
8564
257
8564
1345
8564
4783
824
824
257
8564
1345
1345
1345
1345
1345
1345
1345
1345
8564
8564
1345
4783
8564
8564
8564
8564
8564
198
8564
204
8564
8564
8564
8564
8564
198
8564
204
824
481
8564
824
8564
8564
8564
8564
8564
513
253
634
634
8564
756
424
204
513
8564
8564
216
8564
8564
481
8564
8564
8564
8564
8564
198
513
8564
513
8564
513
8564
8564
513
8564
513
8564
513
8564
513
8564
513
8564
8564
216
8564
513
8564
8564
8564
204
8564
8564
513
670
8564
8564
1011
8564
8564
8564
201
8564
204
198
8564
204
234
8564
8564
204
8564
513
8564
8564
8564
8564
204
8564
198
204
8564
513
198
8564
8564
8564
204
8564
8564
8564
670
8564
8564
1011
412
8564
8564
204
8564
8564
216
8564
513
198
8564
8564
8564
204
8564
8564
8564
216
8564
8564
513
670
8564
8564
1011
8564
412
204
8564
412
204
198
8564
8564
8564
204
8564
513
8564
198
8564
8564
8564
204
8564
513
198
8564
8564
204
8564
756
8564
204
513
8564
8564
8564
8564
8564
8564
8564
8564
8564
8564
8564
8564
513
756
810
949
513
8564
8564
8564
8564
8564
690
8564
8564
8564
564
670
8564
8564
653
8564
625
513
8564
8564
564
670
8564
513
8564
8564
8564
8564
513
8564
8564
513
8564
8564
513
8564
8564
513
8564
8564
8564
8564
8564
257
8564
1345
8564
4783
824
824
824
824
824
824
257
8564
1345
8564
8564
513
8564
8564
756
204
8564
216
257
8564
1345
1345
1345
1345
8564
8564
1345
4783
756
8564
204
824
824
198
8564
204
513
8564
8564
8564
8564
253
8564
547
198
8564
204
8564
8564
234
204
824
8564
216
8564
8564
513
8564
8564
8564
547
8564
198
204
8564
8564
8564
216
198
8564
204
824
8564
216
8564
513
8564
8564
513
8564
8564
824
8564
216
8564
257
824
8564
216
824
8564
216
8564
1345
1345
1345
8564
8564
4783
824
513
8564
8564
513
8564
8564
513
8564
513
8564
8564
8564
8564
8564
8564
198
513
8564
8564
204
513
8564
8564
513
394
204
513
8564
8564
8564
216
8564
858
198
8564
204
8564
8564
8564
216
8564
513
8564
8564
670
8564
670
8564
8564
8564
8564
8564
8564
670
8564
8564
216
824
257
513
8564
824
513
8564
8564
8564
216
8564
1345
8564
4783
824
513
8564
8564
8564
8564
513
8564
8564
8564
8564
824
824
824
513
8564
8564
8564
8564
547
8564
257
8564
1345
8564
8564
4783
756
204
198
204
425
204
198
204
425
204
198
8564
204
513
8564
8564
8564
8564
198
204
824
425
204
824
216
824
481
198
204
425
204
198
204
198
8564
204
481
198
8564
204
513
8564
8564
8564
8564
198
204
824
216
198
204
824
630
204
513
8564
8564
8564
8564
198
204
824
216
198
8564
204
824
216
824
216
824
481
824
216
824
216
824
198
204
824
824
216
824
216
8564
1345
1345
1345
8564
8564
4783
513
8564
8564
8564
8564
198
8564
204
513
8564
8564
8564
216
8564
513
8564
8564
8564
8564
198
412
424
412
424
204
824
216
824
824
513
8564
8564
8564
8564
198
204
8564
198
8564
204
824
8564
216
8564
8564
257
824
216
8564
1345
1345
8564
8564
8564
4783
198
204
8564
8564
234
204
513
8564
8564
756
204
4783
198
204
8564
824
824
824
513
8564
8564
8564
8564
198
8564
204
824
513
8564
8564
8564
8564
198
204
547
198
8564
756
424
204
513
8564
8564
8564
8564
394
8564
204
513
8564
8564
8564
4972
670
513
8564
8564
394
8564
810
8564
824
216
824
824
513
8564
8564
8564
8564
216
824
481
513
8564
8564
8564
8564
8564
216
8564
513
8564
8564
8564
8564
513
8564
8564
8564
8564
216
824
481
824
216
8564
1345
8564
8564
513
8564
8564
4783
513
8564
8564
8564
8564
513
8564
8564
8564
8564
198
8564
204
513
8564
8564
198
204
824
824
257
513
8564
8564
513
8564
8564
513
8564
8564
198
204
8564
3634
216
513
8564
8564
8564
8564
8564
4972
824
8564
5012
8564
8564
824
216
824
824
513
8564
8564
8564
8564
547
8564
481
8564
1345
1345
1345
1345
1345
8564
8564
1345
4783
824
198
204
8564
513
8564
8564
513
8564
513
8564
513
8564
513
8564
8564
513
8564
513
8564
513
8564
8564
216
8564
8564
8564
8564
198
8564
204
8564
8564
8564
8564
198
8564
204
8564
824
8564
8564
824
824
8564
824
8564
8564
8564
198
8564
204
8564
8564
8564
8564
700
8564
204
8564
8564
513
198
8564
8564
8564
8564
204
8564
216
8564
198
204
824
513
8564
8564
8564
234
8564
204
513
8564
8564
756
513
8564
8564
8564
8564
810
513
8564
8564
8564
8564
8564
216
8564
513
8564
8564
8564
8564
481
8564
824
216
8564
8564
8564
8564
198
8564
8564
204
513
8564
8564
513
8564
8564
8564
8564
513
8564
8564
8564
8564
8564
216
824
824
513
8564
8564
513
8564
8564
8564
8564
513
8564
8564
8564
8564
513
8564
8564
8564
8564
481
8564
1345
8564
4783
198
204
513
8564
8564
8564
8564
513
8564
8564
412
204
513
8564
8564
412
204
824
216
513
8564
8564
198
204
824
257
481
824
257
8564
8564
257
8564
1345
8564
4783
198
204
513
8564
8564
8564
8564
513
8564
8564
412
204
513
8564
8564
412
204
824
216
513
8564
8564
198
204
824
257
481
824
257
8564
8564
257
8564
1345
8564
4783
198
204
513
8564
8564
8564
8564
513
8564
8564
412
204
513
8564
8564
412
204
824
216
513
8564
8564
198
204
824
257
481
824
257
8564
8564
257
8564
1345
8564
4783
198
204
513
8564
8564
8564
8564
513
8564
8564
412
204
513
8564
8564
412
204
824
216
513
8564
8564
198
204
824
257
481
824
257
8564
8564
257
8564
1345
8564
4783
824
513
8564
8564
8564
8564
513
8564
8564
8564
8564
547
8564
198
8564
612
257
8564
824
257
8564
1345
1345
8564
8564
8564
1345
4783
824
756
204
513
8564
8564
8564
8564
198
8564
204
513
8564
8564
513
8564
8564
8564
8564
412
204
513
8564
8564
513
8564
513
8564
8564
824
513
8564
8564
8564
8564
513
8564
8564
8564
8564
8564
8564
513
8564
8564
8564
8564
513
8564
8564
8564
8564
216
824
824
824
513
8564
8564
8564
8564
253
8564
513
8564
8564
8564
8564
547
198
8564
204
8564
513
8564
216
198
204
824
756
8564
204
198
204
8564
824
756
8564
204
824
8564
216
8564
257
824
756
8564
8564
204
513
8564
8564
253
8564
216
513
8564
8564
8564
824
257
547
198
8564
204
513
8564
8564
513
8564
8564
253
8564
513
8564
513
8564
8564
824
513
8564
8564
8564
8564
513
8564
8564
8564
8564
8564
8564
513
8564
8564
8564
8564
513
8564
8564
8564
8564
216
8564
824
257
8564
824
257
8564
1345
1345
1345
8564
4783
8564
8564
8564
198
204
8564
8564
8564
8564
8564
198
8564
204
8564
8564
8564
8564
8564
8564
8564
8564
412
198
8564
204
824
8564
216
8564
8564
8564
216
8564
257
824
8564
216
824
8564
216
8564
1345
1345
1345
8564
4783
513
8564
8564
198
204
513
8564
8564
8564
8564
198
8564
204
513
8564
8564
513
8564
8564
8564
8564
412
198
8564
204
824
8564
216
8564
8564
8564
216
8564
257
824
8564
216
824
8564
216
8564
1345
1345
8564
4783
824
756
204
824
198
8564
204
8564
257
824
756
8564
204
824
8564
216
198
8564
204
824
8564
216
8564
1345
1345
8564
8564
4783
8564
198
8564
8564
204
8564
8564
216
8564
257
8564
1345
1345
8564
1345
8564
4783
513
8564
513
8564
8564
513
8564
8564
756
8564
204
8564
8564
198
8564
8564
204
8564
8564
8564
756
8564
204
8564
257
8564
8564
257
8564
1345
1345
8564
8564
8564
4783
675
234
204
8564
564
670
8564
8564
234
204
675
234
204
8564
564
670
8564
8564
234
204
675
234
204
564
547
670
8564
8564
234
204
858
513
8564
8564
8564
8564
198
8564
675
234
204
8564
204
564
670
8564
8564
234
8564
8564
204
513
8564
8564
513
8564
8564
8564
216
8564
257
8564
204
564
670
8564
8564
234
8564
8564
204
513
8564
8564
513
8564
8564
257
513
8564
8564
513
8564
8564
216
513
8564
8564
513
8564
8564
216
513
8564
8564
513
8564
8564
216
8564
1345
1345
8564
8564
1345
4783
8564
513
8564
513
8564
216
8564
756
8564
204
8564
8564
198
8564
204
8564
257
513
8564
8564
724
234
8564
204
513
513
8564
8564
8564
824
513
8564
8564
547
8564
8564
257
8564
1345
8564
1345
4783
513
8564
8564
198
8564
204
257
824
513
8564
8564
8564
8564
198
204
8564
8564
216
8564
8564
724
234
513
8564
8564
8564
204
8564
513
8564
8564
8564
8564
198
8564
513
8564
204
8564
8564
8564
8564
824
756
204
513
8564
8564
8564
8564
8564
547
8564
216
824
257
513
8564
8564
8564
8564
8564
8564
513
8564
8564
8564
8564
513
8564
8564
8564
8564
198
204
513
8564
8564
8564
8564
547
198
204
513
8564
8564
8564
8564
198
8564
204
8564
8564
8564
216
8564
824
216
513
8564
8564
8564
8564
8564
8564
216
8564
8564
513
8564
8564
8564
8564
8564
257
8564
1345
8564
4783
513
8564
8564
8564
8564
8564
8564
8564
481
8564
1345
8564
4783
513
8564
8564
8564
8564
8564
8564
8564
481
8564
8564
1345
8564
1345
8564
8564
8564
4783
8564
8564
8564
8564
8564
8564
8564
824
8564
8564
824
756
8564
204
8564
1011
8564
8564
216
8564
257
8564
1345
8564
4783
824
257
8564
1345
8564
8564
8564
8564
8564
8564
8564
8564
198
8564
204
8564
8564
8564
234
204
647
564
670
8564
8564
234
8564
204
8564
8564
8564
513
8564
8564
216
8564
8564
8564
234
204
647
564
670
8564
8564
234
8564
204
8564
8564
8564
513
8564
8564
216
8564
8564
8564
234
204
647
564
670
8564
8564
234
8564
204
8564
8564
8564
513
8564
8564
216
8564
8564
8564
234
8564
204
647
564
670
8564
8564
234
8564
8564
204
8564
8564
8564
513
8564
8564
8564
216
8564
257
8564
824
257
8564
1345
1345
8564
8564
1345
1345
8564
8564
8564
1345
4783
513
8564
8564
198
204
257
824
513
8564
8564
8564
8564
198
204
8564
8564
216
824
8564
8564
824
756
204
513
8564
8564
513
8564
8564
8564
513
8564
198
513
8564
513
8564
513
8564
513
8564
513
8564
513
8564
513
8564
513
8564
513
8564
513
8564
513
8564
513
8564
513
8564
8564
204
824
8564
198
8564
216
8564
8564
8564
8564
513
8564
8564
513
8564
8564
513
8564
8564
513
8564
8564
513
8564
8564
513
8564
8564
513
8564
8564
513
8564
8564
513
8564
8564
513
8564
8564
8564
8564
513
8564
8564
513
8564
8564
513
8564
8564
513
8564
8564
647
8564
8564
513
8564
8564
513
8564
8564
647
513
8564
8564
513
8564
8564
8564
8564
513
8564
8564
647
513
8564
8564
513
8564
8564
8564
8564
513
8564
8564
513
8564
8564
513
8564
8564
513
8564
8564
8564
8564
513
8564
8564
513
8564
8564
513
8564
8564
8564
8564
8564
8564
513
8564
8564
8564
204
513
8564
8564
647
513
8564
8564
513
8564
8564
647
513
8564
8564
8564
8564
8564
216
8564
8564
513
8564
8564
547
547
8564
8564
513
8564
8564
8564
8564
513
8564
8564
234
204
647
513
8564
8564
8564
8564
216
513
8564
8564
547
198
513
8564
8564
204
513
8564
8564
198
8564
8564
204
547
8564
547
253
547
198
8564
8564
513
8564
8564
513
8564
8564
204
547
253
8564
216
513
8564
8564
513
8564
8564
8564
8564
198
204
513
8564
8564
8564
216
513
8564
8564
234
204
8564
647
8564
8564
564
670
8564
8564
234
8564
204
8564
216
824
756
204
513
8564
8564
8564
8564
198
8564
204
513
8564
8564
8564
8564
198
8564
513
8564
8564
204
8564
513
8564
8564
8564
8564
216
8564
8564
8564
8564
8564
8564
8564
8564
253
8564
824
257
547
8564
216
8564
198
198
424
198
424
8564
204
513
8564
8564
8564
8564
216
824
257
513
8564
216
513
8564
8564
513
8564
8564
513
8564
8564
513
8564
8564
513
8564
8564
8564
8564
8564
8564
216
513
8564
8564
824
216
513
8564
8564
8564
8564
8564
8564
216
8564
1345
1345
8564
4783
513
8564
8564
198
8564
204
8564
257
513
8564
8564
8564
8564
8564
8564
824
756
8564
204
513
8564
8564
513
8564
8564
513
8564
8564
513
8564
8564
513
8564
8564
513
8564
8564
513
8564
8564
513
8564
8564
513
8564
8564
513
8564
8564
513
8564
8564
513
8564
8564
513
8564
8564
513
8564
8564
513
8564
8564
513
8564
8564
513
8564
8564
513
8564
8564
513
8564
8564
513
8564
8564
513
8564
8564
513
8564
8564
513
8564
8564
513
8564
8564
513
8564
8564
513
8564
8564
513
8564
8564
547
513
8564
8564
513
8564
8564
547
513
8564
8564
8564
8564
8564
824
756
204
8564
481
8564
8564
8564
824
257
8564
1345
1345
8564
4783
513
8564
8564
198
8564
8564
204
8564
257
513
8564
8564
8564
8564
8564
8564
824
198
8564
8564
204
8564
257
8564
1345
8564
257
8564
1345
8564
4783
8564
4972
824
513
8564
8564
8564
8564
8564
8564
8564
8564
513
8564
5012
198
204
8564
8564
8564
8564
8564
216
257
8564
1345
1345
1345
1345
8564
8564
8564
1345
4783
8564
8564
8564
8564
8564
198
8564
204
8564
4972
824
8564
8564
5012
8564
8564
216
8564
8564
8564
8564
198
204
547
431
4774
8564
1351
8564
216
8564
216
8564
216
8564
216
8564
216
8564
216
8564
824
8564
216
8564
257
824
8564
216
8564
8564
198
8564
8564
204
8564
824
257
8564
1345
8564
8564
1345
4783
8564
8564
8564
198
8564
204
547
198
612
257
481
8564
1345
1345
1345
1345
1345
1345
1345
1345
1345
1345
1345
1345
1345
1345
1345
1345
8564
1345
1345
1345
8564
1345
1345
1345
3722
8564
8564
1345
4783
8564
4972
513
8564
8564
8564
8564
8564
198
756
8564
8564
8564
513
8564
8564
496
8564
424
8564
8564
198
204
8564
8564
8564
8564
8564
204
8564
8564
8564
513
8564
8564
513
513
8564
8564
8564
234
8564
204
513
8564
8564
8564
8564
8564
216
8564
8564
8564
234
8564
8564
8564
8564
8564
204
8564
8564
8564
8564
8564
8564
8564
8564
216
8564
8564
8564
8564
1191
204
234
204
513
513
8564
8564
513
8564
8564
765
513
8564
8564
513
8564
8564
513
513
8564
8564
8564
631
204
198
8564
204
8564
8564
425
204
425
547
198
424
8564
8564
204
8564
8564
756
757
8564
8564
216
8564
8564
8564
513
8564
8564
8564
8564
8564
8564
8564
8564
670
8564
8564
513
8564
8564
670
8564
8564
8564
216
8564
8564
756
8564
204
513
8564
8564
765
496
8564
204
824
513
8564
8564
513
8564
8564
824
513
8564
8564
8564
8564
198
8564
204
824
513
8564
8564
8564
824
8564
8564
234
8564
8564
8564
8564
8564
8564
204
8564
513
8564
8564
8564
8564
198
204
824
8564
513
513
8564
8564
824
216
513
8564
8564
257
8564
8564
8564
513
8564
8564
513
8564
8564
8564
8564
8564
8564
8564
8564
8564
4686
647
8564
1011
564
513
670
8564
8564
724
234
513
8564
8564
8564
204
8564
8564
8564
8564
564
670
8564
8564
8564
216
8564
8564
8564
8564
216
8564
8564
513
513
8564
8564
513
8564
513
8564
8564
513
8564
8564
513
8564
8564
216
198
204
756
513
630
424
8564
8564
204
8564
8564
8564
513
8564
8564
513
8564
8564
8564
8564
8564
8564
8564
216
8564
8564
513
8564
8564
8564
8564
216
204
198
8564
204
513
8564
8564
8564
8564
756
204
953
424
204
8564
670
8564
8564
234
472
513
8564
513
8564
513
8564
8564
216
8564
8564
8564
8564
8564
8564
8564
431
198
8564
8564
204
8564
8564
8564
8564
216
8564
824
824
8564
216
8564
198
8564
8564
8564
204
8564
394
204
198
756
8564
8564
8564
8564
204
513
8564
8564
8564
8564
198
756
8564
8564
8564
8564
204
670
8564
8564
8564
8564
216
8564
824
824
8564
8564
8564
216
8564
1345
1345
1345
1345
1345
1345
8564
1345
1345
1345
1345
1345
1345
8564
8564
8564
1345
4783
8564
513
8564
8564
513
8564
8564
8564
8564
198
8564
204
8564
198
204
513
8564
8564
8564
216
8564
412
204
513
8564
8564
824
513
8564
8564
8564
4972
8564
4972
824
8564
5012
513
670
8564
8564
234
8564
204
670
8564
8564
8564
216
8564
513
670
8564
5012
8564
8564
198
8564
204
513
8564
8564
8564
8564
198
8564
8564
204
8564
8564
198
8564
8564
8564
8564
8564
204
8564
8564
513
8564
8564
824
513
8564
8564
8564
8564
216
8564
513
8564
8564
513
8564
8564
824
198
8564
8564
204
8564
8564
513
8564
8564
8564
8564
513
8564
8564
8564
8564
513
8564
8564
513
8564
216
513
8564
8564
257
824
8564
198
204
513
8564
8564
8564
8564
198
8564
8564
204
8564
198
8564
8564
204
513
8564
8564
8564
8564
198
8564
8564
204
8564
8564
198
8564
204
8564
824
198
8564
757
513
8564
8564
8564
8564
198
8564
8564
8564
8564
204
8564
8564
824
513
8564
8564
8564
8564
216
824
8564
216
824
8564
8564
198
8564
204
513
8564
8564
8564
8564
198
8564
204
8564
198
8564
8564
204
824
216
513
8564
8564
8564
8564
198
8564
204
4972
824
8564
5012
8564
824
8564
216
824
8564
198
8564
8564
204
8564
824
8564
216
824
198
8564
204
8564
198
8564
8564
204
824
513
8564
8564
8564
216
8564
1345
1345
8564
8564
4783
513
8564
8564
8564
8564
198
204
513
8564
8564
8564
8564
198
8564
204
8564
8564
4846
8564
216
8564
257
513
8564
8564
8564
8564
198
204
513
8564
8564
8564
8564
198
204
8564
8564
4846
824
8564
216
8564
1345
8564
1345
8564
8564
8564
1345
8564
8564
1345
1345
1345
1345
1345
1345
8564
8564
1345
1345
8564
8564
1345
4783
198
204
8564
756
204
513
8564
8564
8564
8564
8564
8564
216
8564
8564
513
8564
513
8564
513
8564
513
8564
513
8564
513
8564
8564
8564
513
8564
513
8564
513
8564
513
8564
8564
513
8564
513
8564
513
8564
513
8564
513
8564
513
8564
513
513
8564
8564
513
8564
513
8564
513
8564
8564
216
8564
824
630
204
8564
8564
8564
198
204
513
8564
8564
8564
8564
1011
234
8564
8564
204
513
8564
8564
8564
8564
1011
234
8564
8564
204
8564
8564
8564
8564
8564
8564
8564
216
8564
8564
412
8564
8564
8564
204
8564
8564
513
8564
670
8564
8564
1011
234
8564
8564
204
8564
670
8564
8564
1011
234
8564
8564
8564
8564
8564
204
8564
8564
8564
8564
8564
8564
8564
198
204
8564
8564
647
8564
8564
564
513
670
8564
8564
8564
234
8564
8564
204
8564
8564
8564
8564
8564
8564
564
670
8564
8564
8564
8564
216
647
8564
8564
564
253
670
8564
8564
8564
234
204
8564
8564
8564
564
670
8564
8564
8564
216
824
630
204
8564
8564
8564
198
8564
204
8564
8564
670
8564
8564
8564
8564
8564
8564
8564
8564
8564
8564
670
8564
8564
8564
8564
8564
8564
8564
8564
8564
631
631
424
204
8564
8564
8564
198
8564
204
8564
8564
8564
8564
8564
216
8564
8564
412
8564
8564
204
8564
8564
630
513
670
8564
810
8564
216
8564
8564
765
885
885
773
756
198
756
8564
424
810
8564
513
8564
8564
412
8564
8564
8564
204
198
8564
204
513
8564
8564
198
204
8564
8564
234
8564
204
8564
8564
8564
8564
8564
216
8564
8564
8564
8564
824
8564
513
8564
8564
8564
8564
8564
8564
198
204
8564
8564
8564
513
8564
8564
8564
8564
198
204
8564
8564
8564
8564
8564
198
204
8564
8564
8564
8564
8564
198
8564
204
8564
8564
8564
8564
8564
198
8564
204
513
8564
513
8564
513
8564
8564
8564
8564
216
8564
8564
8564
513
8564
8564
8564
8564
513
8564
8564
765
885
885
773
756
198
756
8564
424
810
8564
756
8564
204
513
8564
394
8564
204
8564
8564
564
670
8564
8564
8564
8564
8564
8564
8564
198
8564
204
513
8564
8564
8564
8564
8564
8564
8564
8564
8564
8564
394
204
8564
198
8564
204
8564
8564
8564
216
8564
8564
513
8564
8564
8564
8564
670
8564
8564
8564
513
8564
8564
257
8564
8564
412
8564
8564
8564
204
8564
8564
8564
8564
8564
8564
8564
8564
8564
8564
8564
8564
8564
216
8564
8564
8564
8564
216
513
8564
8564
8564
8564
513
8564
8564
8564
8564
8564
8564
8564
216
513
8564
8564
513
8564
8564
8564
513
8564
8564
513
8564
8564
8564
8564
513
8564
8564
216
513
8564
8564
8564
8564
8564
481
8564
8564
513
8564
824
513
8564
8564
8564
8564
8564
8564
8564
8564
257
8564
8564
8564
8564
8564
198
204
8564
8564
8564
8564
8564
513
8564
8564
513
8564
8564
8564
8564
8564
216
8564
513
8564
8564
8564
216
8564
8564
8564
513
8564
8564
513
8564
8564
513
8564
8564
513
8564
8564
8564
513
8564
8564
8564
8564
8564
216
8564
1345
1345
1345
1345
8564
1345
1345
1345
1345
1345
1345
8564
1345
1345
1345
1345
1345
1345
1345
1345
1345
1345
1345
1345
8564
1345
4783
8564
8564
198
204
8564
513
8564
8564
8564
8564
198
8564
8564
204
8564
513
8564
8564
513
8564
8564
198
8564
8564
198
424
204
513
8564
8564
198
8564
8564
204
8564
513
564
670
8564
8564
198
8564
8564
8564
204
8564
513
8564
8564
8564
8564
198
204
8564
198
8564
8564
204
8564
513
564
670
8564
8564
198
8564
8564
204
394
204
513
8564
8564
8564
8564
481
8564
8564
198
8564
8564
204
8564
513
564
670
8564
8564
198
8564
8564
204
513
8564
8564
8564
8564
198
8564
8564
204
8564
513
8564
8564
8564
513
8564
824
513
8564
8564
8564
8564
8564
513
8564
8564
513
8564
8564
198
513
204
513
8564
8564
513
8564
8564
8564
8564
8564
216
513
8564
8564
513
198
8564
8564
8564
8564
204
8564
8564
8564
8564
8564
216
8564
8564
8564
8564
8564
8564
8564
198
8564
513
204
8564
824
8564
8564
513
8564
8564
198
8564
8564
8564
8564
204
8564
8564
564
513
513
8564
8564
8564
8564
216
8564
8564
8564
8564
824
8564
198
204
513
8564
8564
513
8564
8564
8564
216
8564
8564
8564
412
8564
204
564
670
8564
8564
513
8564
216
8564
513
8564
8564
198
8564
8564
8564
8564
204
564
670
8564
8564
8564
8564
8564
412
8564
8564
8564
8564
204
8564
8564
8564
8564
8564
824
8564
8564
216
8564
8564
198
8564
8564
204
8564
824
8564
216
513
8564
8564
8564
8564
8564
8564
198
8564
204
8564
824
8564
216
824
8564
8564
216
8564
8564
513
8564
8564
8564
8564
481
481
513
513
8564
8564
8564
8564
8564
8564
8564
216
513
8564
8564
8564
8564
513
8564
8564
412
8564
8564
8564
8564
204
8564
8564
8564
216
513
8564
8564
8564
8564
8564
216
8564
8564
257
8564
1345
8564
1345
1345
1345
1345
1345
1345
1345
8564
8564
8564
1345
1345
4783
198
8564
8564
204
8564
8564
8564
8564
8564
198
204
8564
8564
8564
8564
8564
198
8564
204
8564
8564
8564
8564
8564
513
670
8564
8564
1011
412
8564
8564
204
8564
8564
8564
198
8564
204
8564
8564
8564
8564
8564
198
8564
8564
204
8564
8564
8564
8564
8564
513
670
8564
8564
8564
8564
198
8564
204
8564
8564
8564
8564
8564
8564
8564
8564
8564
8564
412
204
257
8564
8564
8564
8564
8564
198
8564
8564
8564
204
8564
675
513
653
8564
8564
536
8564
8564
216
8564
8564
216
824
8564
8564
8564
8564
8564
198
8564
204
8564
4972
824
8564
5012
824
8564
8564
216
8564
198
204
8564
8564
8564
8564
8564
198
204
8564
8564
8564
8564
216
8564
198
8564
204
513
8564
8564
1168
4689
4857
8564
8564
8564
8564
8564
8564
8564
8564
8564
8564
412
204
513
8564
8564
824
257
824
257
513
8564
8564
824
216
8564
8564
8564
8564
216
824
198
204
8564
8564
8564
8564
8564
198
204
8564
8564
8564
8564
8564
198
8564
8564
8564
8564
8564
204
670
8564
8564
234
8564
8564
204
513
8564
8564
234
204
824
216
8564
8564
8564
216
8564
234
8564
204
8564
1345
1345
8564
1345
1345
1345
1345
1345
1345
1345
8564
8564
8564
1345
1345
1345
1345
1345
1345
1345
1345
1345
1345
1345
1345
1345
1345
1345
1345
1345
8564
1345
1345
1345
1345
1345
1345
1345
1345
1345
8564
1345
1345
8564
8564
8564
1345
1345
1345
1345
1345
1345
1345
1345
8564
8564
1345
4783
8564
198
513
8564
8564
204
513
8564
8564
8564
216
8564
8564
8564
513
8564
8564
198
8564
513
8564
8564
513
8564
8564
513
8564
8564
8564
204
513
8564
513
8564
513
8564
513
8564
513
8564
513
8564
513
8564
513
8564
513
8564
513
8564
513
8564
513
8564
513
8564
513
8564
513
8564
513
513
8564
513
8564
513
8564
513
8564
513
513
8564
513
8564
513
8564
513
8564
513
8564
513
8564
513
8564
8564
513
8564
8564
8564
8564
8564
8564
216
8564
8564
8564
8564
8564
8564
204
513
8564
8564
8564
8564
8564
198
8564
8564
204
8564
8564
8564
412
8564
8564
8564
204
8564
8564
8564
8564
216
8564
8564
198
8564
204
8564
8564
8564
198
8564
8564
8564
234
204
8564
8564
204
8564
8564
8564
8564
216
8564
8564
513
8564
8564
198
204
8564
8564
8564
234
204
513
8564
8564
8564
8564
513
8564
8564
198
204
8564
8564
234
204
513
8564
8564
513
8564
8564
8564
513
8564
8564
513
670
8564
824
8564
8564
8564
8564
513
8564
8564
8564
8564
513
670
8564
8564
234
8564
8564
8564
8564
8564
8564
204
8564
670
8564
8564
513
8564
8564
8564
8564
8564
216
8564
8564
8564
8564
8564
8564
8564
8564
8564
8564
216
8564
8564
412
204
513
8564
8564
824
216
8564
257
8564
8564
8564
8564
700
204
8564
8564
8564
8564
216
8564
8564
8564
198
8564
8564
8564
8564
204
8564
8564
8564
198
8564
8564
8564
8564
204
8564
204
513
8564
8564
234
8564
8564
204
234
8564
204
513
8564
8564
234
8564
8564
8564
204
8564
8564
8564
8564
8564
8564
8564
8564
8564
394
8564
8564
204
8564
8564
8564
198
204
8564
8564
8564
198
8564
204
8564
824
630
204
8564
8564
8564
198
8564
204
8564
8564
8564
8564
8564
8564
8564
8564
8564
216
8564
8564
8564
8564
8564
8564
8564
8564
8564
8564
8564
8564
8564
8564
8564
8564
8564
8564
653
198
204
631
631
424
204
8564
8564
8564
8564
8564
8564
8564
8564
8564
8564
412
8564
204
8564
765
8564
670
670
8564
8564
8564
216
8564
8564
8564
198
8564
8564
8564
204
8564
8564
8564
8564
8564
8564
216
8564
8564
8564
8564
8564
700
8564
8564
8564
204
8564
8564
8564
8564
8564
198
8564
8564
204
198
204
8564
8564
8564
216
513
8564
8564
198
204
8564
8564
3634
216
513
8564
8564
198
204
8564
8564
3634
216
513
8564
8564
198
513
8564
204
513
8564
8564
216
513
8564
8564
8564
8564
8564
8564
216
8564
8564
8564
8564
8564
513
8564
824
513
8564
8564
8564
8564
8564
8564
8564
234
8564
204
8564
8564
513
8564
8564
216
8564
8564
8564
824
8564
8564
8564
8564
8564
8564
8564
8564
201
204
8564
513
8564
8564
8564
8564
8564
8564
8564
8564
216
8564
513
8564
8564
8564
8564
513
8564
8564
198
204
513
8564
8564
8564
8564
198
204
513
8564
8564
8564
8564
8564
8564
8564
8564
8564
8564
8564
216
8564
8564
8564
8564
234
8564
204
8564
513
8564
8564
8564
8564
198
204
8564
8564
8564
8564
8564
8564
216
8564
8564
8564
8564
8564
8564
8564
8564
8564
8564
8564
234
8564
8564
8564
204
8564
8564
8564
198
8564
8564
8564
204
513
8564
8564
8564
8564
198
8564
8564
8564
204
513
8564
8564
8564
8564
8564
8564
8564
8564
824
8564
8564
8564
8564
8564
8564
216
8564
8564
8564
8564
8564
8564
513
8564
8564
513
8564
8564
8564
8564
8564
8564
8564
8564
216
513
8564
8564
216
8564
8564
8564
8564
8564
647
564
513
670
8564
8564
8564
234
1011
8564
8564
8564
204
8564
8564
8564
8564
8564
8564
564
670
8564
8564
8564
513
8564
216
8564
8564
8564
8564
647
564
670
8564
8564
8564
234
1011
8564
8564
204
8564
8564
8564
8564
564
670
8564
8564
8564
216
8564
8564
412
8564
8564
8564
204
8564
8564
8564
8564
8564
198
8564
8564
204
8564
8564
8564
8564
513
8564
824
8564
8564
8564
8564
8564
8564
8564
216
513
8564
8564
234
8564
204
513
8564
8564
8564
8564
513
8564
824
8564
513
8564
8564
513
8564
8564
8564
8564
8564
8564
8564
216
8564
824
630
204
8564
8564
8564
198
8564
204
8564
8564
8564
8564
8564
8564
8564
8564
8564
8564
8564
216
8564
8564
8564
8564
8564
8564
8564
8564
8564
8564
8564
765
8564
409
412
8564
8564
8564
204
8564
8564
670
670
198
8564
8564
204
8564
8564
8564
8564
8564
8564
8564
8564
8564
8564
8564
8564
8564
8564
8564
8564
8564
8564
653
198
204
631
631
424
204
8564
8564
8564
8564
700
8564
204
1347
8564
513
8564
8564
8564
216
513
8564
8564
513
8564
8564
8564
513
8564
8564
513
670
8564
824
8564
8564
513
8564
8564
8564
8564
8564
8564
8564
8564
513
670
8564
8564
234
8564
8564
8564
8564
8564
8564
204
8564
8564
8564
8564
8564
8564
670
8564
8564
8564
8564
8564
216
8564
8564
8564
8564
8564
8564
8564
8564
8564
216
412
8564
204
513
8564
412
204
8564
8564
8564
216
8564
8564
8564
670
8564
8564
647
564
513
670
8564
8564
8564
234
1011
8564
8564
204
8564
8564
8564
8564
8564
647
564
670
8564
8564
8564
8564
216
8564
8564
8564
670
8564
8564
647
1011
8564
8564
564
513
670
8564
8564
8564
234
8564
8564
8564
204
8564
675
8564
8564
8564
8564
8564
8564
647
564
670
8564
8564
8564
8564
8564
8564
216
8564
8564
675
1347
8564
681
234
8564
8564
204
8564
8564
8564
513
8564
8564
8564
216
513
8564
8564
8564
8564
198
204
8564
8564
8564
8564
824
8564
8564
8564
513
8564
824
8564
8564
8564
8564
8564
8564
8564
8564
8564
216
513
8564
8564
198
8564
204
8564
8564
8564
198
204
513
8564
8564
8564
8564
198
204
8564
8564
8564
824
8564
8564
8564
513
8564
824
8564
8564
8564
8564
8564
8564
8564
8564
216
8564
8564
8564
216
8564
198
204
8564
8564
8564
216
513
8564
8564
198
204
513
8564
8564
824
8564
216
513
8564
8564
198
204
513
8564
8564
824
8564
216
513
8564
8564
198
8564
204
513
8564
8564
824
8564
8564
481
634
198
8564
8564
8564
8564
204
513
513
8564
513
8564
8564
8564
8564
216
8564
8564
824
8564
8564
824
8564
513
8564
8564
8564
8564
216
8564
8564
8564
8564
8564
8564
216
8564
8564
8564
8564
216
8564
670
8564
8564
513
8564
8564
8564
8564
8564
8564
8564
216
8564
1345
1345
1345
1345
1345
8564
8564
4783
8564
8564
201
204
8564
234
204
8564
513
8564
8564
234
8564
8564
204
412
204
513
251
8564
8564
204
8564
8564
234
8564
8564
8564
204
8564
8564
234
8564
8564
204
8564
513
412
8564
8564
204
8564
8564
8564
234
8564
204
8564
257
8564
513
8564
216
8564
1345
1345
8564
8564
4783
513
8564
8564
8564
198
216
204
8564
8564
409
547
198
8564
204
824
216
8564
253
8564
824
8564
547
8564
8564
8564
8564
4794
634
425
8564
204
824
216
8564
216
8564
257
8564
1345
1345
8564
8564
4783
8564
8564
8564
8564
8564
8564
8564
8564
8564
8564
8564
8564
8564
8564
8564
8564
8564
8564
547
198
204
824
8564
216
8564
257
824
824
198
8564
204
198
8564
8564
204
513
257
8564
1345
8564
8564
8564
8564
4783
198
204
513
8564
8564
8564
8564
198
204
513
8564
8564
8564
8564
198
204
513
8564
8564
8564
8564
198
204
675
198
234
424
204
564
8564
8564
8564
201
204
513
8564
8564
8564
8564
198
204
8564
8564
5012
201
198
424
204
513
8564
8564
8564
8564
198
810
257
257
8564
1345
1345
1345
1345
1345
1345
1345
1345
1345
1345
1345
1345
1345
8564
1345
1345
1345
1345
8564
8564
3722
4783
201
204
8564
824
198
8564
8564
8564
204
4972
8564
234
198
424
204
513
8564
8564
8564
8564
513
670
8564
8564
700
8564
204
8564
8564
700
8564
204
700
424
204
513
8564
8564
8564
8564
513
670
8564
8564
700
204
8564
513
8564
8564
8564
8564
513
198
424
8564
8564
8564
204
513
8564
8564
8564
8564
198
204
8564
8564
8564
513
8564
8564
8564
8564
496
8564
204
8564
234
204
513
8564
8564
8564
8564
8564
8564
8564
8564
216
513
513
412
8564
8564
204
8564
8564
234
8564
8564
8564
8564
8564
204
8564
8564
8564
670
8564
8564
700
8564
8564
204
8564
8564
824
8564
8564
216
8564
8564
8564
4972
670
8564
8564
216
8564
8564
8564
513
8564
8564
412
8564
204
513
8564
8564
824
8564
216
8564
257
513
8564
8564
8564
8564
670
8564
8564
700
8564
8564
8564
8564
204
8564
8564
513
670
8564
8564
700
810
8564
8564
8564
216
824
216
8564
8564
8564
216
8564
8564
394
8564
8564
204
8564
8564
234
8564
8564
8564
8564
8564
204
8564
8564
8564
216
8564
8564
394
8564
8564
8564
8564
204
8564
8564
700
8564
204
8564
8564
216
824
198
8564
8564
8564
204
513
8564
8564
8564
8564
513
8564
8564
216
8564
1345
1345
1345
1345
1345
1345
1345
1345
1345
1345
1345
1345
8564
8564
8564
1345
4783
8564
4972
8564
8564
234
8564
204
8564
513
8564
513
8564
513
8564
513
8564
513
8564
513
8564
513
8564
513
8564
8564
8564
8564
216
8564
8564
8564
8564
1303
234
8564
8564
8564
8564
8564
8564
8564
204
1303
234
8564
8564
8564
8564
8564
8564
8564
204
8564
8564
513
513
670
8564
8564
234
8564
8564
204
8564
257
8564
8564
8564
8564
8564
8564
765
8564
8564
8564
8564
8564
631
204
198
8564
204
670
8564
425
204
425
547
198
424
204
8564
8564
756
757
670
8564
8564
216
8564
8564
670
8564
8564
234
8564
8564
8564
8564
8564
204
198
204
756
513
630
424
204
513
8564
8564
216
8564
513
513
8564
8564
513
8564
8564
8564
8564
216
8564
1345
1345
8564
8564
513
8564
8564
8564
8564
412
204
513
8564
8564
8564
8564
198
8564
8564
204
513
8564
8564
8564
8564
198
472
8564
216
8564
257
513
8564
8564
198
8564
8564
204
8564
824
257
8564
8564
513
8564
8564
513
8564
8564
8564
8564
8564
8564
257
8564
1345
1345
1345
1345
1345
1345
1345
1345
8564
8564
8564
1345
1345
1345
1345
1345
1345
8564
1345
4783
8564
8564
8564
8564
8564
8564
198
204
8564
8564
8564
8564
8564
756
8564
8564
8564
204
513
8564
513
8564
8564
8564
8564
8564
216
513
8564
253
8564
8564
513
8564
513
8564
513
8564
513
8564
513
8564
513
8564
513
8564
513
8564
513
8564
8564
8564
216
8564
234
8564
670
8564
8564
204
234
204
234
8564
204
1011
8564
8564
8564
8564
8564
8564
8564
201
8564
204
8564
8564
513
8564
8564
234
204
234
8564
204
253
8564
8564
8564
216
8564
824
630
204
8564
8564
8564
198
204
513
8564
496
8564
8564
204
8564
8564
198
8564
204
8564
8564
8564
8564
8564
824
8564
496
8564
8564
204
8564
8564
8564
216
8564
8564
234
8564
8564
8564
8564
216
8564
8564
8564
8564
8564
8564
412
8564
424
8564
8564
204
8564
8564
8564
8564
8564
513
8564
8564
513
8564
513
8564
8564
513
8564
513
8564
513
8564
513
8564
8564
8564
216
824
630
204
8564
8564
8564
198
204
8564
8564
8564
513
8564
8564
216
8564
8564
198
8564
8564
8564
204
670
8564
8564
1011
8564
8564
8564
8564
8564
201
204
216
8564
8564
198
8564
8564
198
424
204
8564
8564
216
8564
513
8564
8564
198
204
513
8564
8564
8564
8564
216
513
8564
8564
198
204
8564
8564
216
253
8564
8564
647
257
700
8564
8564
204
8564
8564
8564
8564
8564
8564
216
8564
253
8564
8564
216
8564
8564
670
8564
8564
1011
8564
8564
8564
216
8564
198
8564
204
8564
8564
8564
8564
8564
198
204
513
8564
8564
198
8564
513
8564
204
8564
513
8564
8564
513
8564
8564
8564
201
8564
204
8564
8564
8564
8564
8564
198
8564
204
513
8564
8564
513
8564
8564
8564
201
8564
204
513
8564
8564
513
8564
8564
8564
8564
765
513
879
773
756
756
8564
599
8564
216
8564
8564
8564
8564
8564
8564
198
204
513
8564
8564
513
8564
8564
8564
201
8564
8564
204
513
8564
8564
8564
8564
513
8564
8564
216
8564
253
8564
8564
8564
216
253
8564
8564
8564
216
513
8564
8564
513
8564
8564
513
8564
8564
8564
201
8564
204
8564
8564
8564
513
8564
8564
8564
216
8564
8564
8564
513
8564
8564
8564
216
8564
8564
8564
8564
8564
8564
8564
824
8564
216
8564
8564
1011
8564
8564
8564
216
8564
8564
8564
8564
216
8564
1345
3722
1345
3722
8564
8564
1345
1345
1345
3722
1345
1345
1345
1345
1345
1345
1345
1345
1345
1345
1345
1345
1345
1345
1345
8564
1345
1345
1345
8564
1345
4783
8564
8564
8564
8564
8564
8564
756
204
8564
8564
8564
8564
8564
198
204
8564
8564
8564
8564
216
824
8564
8564
201
8564
204
824
8564
8564
8564
216
8564
8564
496
496
424
204
8564
953
756
424
204
8564
8564
8564
8564
8564
756
8564
204
8564
8564
8564
8564
8564
8564
496
8564
8564
204
8564
513
8564
8564
8564
201
8564
8564
8564
204
8564
234
8564
8564
8564
8564
8564
8564
8564
8564
204
8564
8564
8564
8564
394
8564
8564
8564
8564
204
8564
8564
8564
8564
216
8564
8564
513
8564
8564
513
513
8564
8564
949
188
188
1137
641
188
2092
194
198
204
680
412
811
670
8564
8564
496
756
8564
204
198
513
8564
8564
8564
8564
204
8564
8564
8564
8564
8564
8564
198
8564
204
8564
8564
8564
8564
8564
198
204
8564
8564
8564
513
8564
8564
513
8564
8564
513
8564
8564
513
8564
8564
513
8564
8564
513
513
8564
8564
8564
216
824
8564
8564
8564
8564
8564
198
204
513
8564
8564
513
8564
8564
198
204
8564
8564
8564
513
8564
8564
513
8564
8564
8564
8564
8564
513
8564
8564
8564
8564
8564
513
8564
8564
8564
8564
8564
513
8564
8564
513
8564
8564
8564
513
8564
513
8564
513
8564
8564
216
949
188
188
1137
641
188
2095
194
198
8564
204
824
8564
8564
513
8564
8564
8564
198
204
8564
8564
8564
8564
513
394
204
8564
513
564
670
8564
8564
198
8564
204
8564
8564
8564
8564
198
204
824
216
824
8564
8564
8564
634
198
8564
8564
8564
204
8564
564
513
670
8564
8564
198
204
8564
198
204
425
204
8564
496
8564
204
8564
765
8564
8564
216
8564
8564
8564
513
8564
8564
412
8564
8564
204
8564
8564
513
564
670
8564
8564
198
8564
8564
204
8564
8564
216
824
8564
216
8564
257
8564
8564
8564
8564
8564
216
513
8564
8564
513
8564
8564
670
949
188
188
1137
641
188
2092
194
513
8564
8564
756
8564
204
513
8564
8564
513
8564
8564
756
580
513
8564
8564
564
513
8564
8564
765
8564
8564
8564
513
8564
8564
513
8564
8564
8564
8564
8564
513
8564
8564
513
8564
513
8564
8564
8564
513
8564
513
8564
513
8564
8564
8564
8564
8564
8564
8564
216
8564
8564
394
204
8564
234
8564
204
8564
564
670
8564
8564
198
204
8564
670
8564
8564
8564
8564
8564
8564
8564
216
8564
8564
8564
198
204
824
216
824
8564
513
8564
8564
496
204
8564
496
204
765
8564
216
8564
8564
8564
513
8564
8564
412
8564
8564
204
8564
8564
394
204
8564
670
8564
8564
564
670
8564
8564
198
8564
204
8564
8564
216
824
8564
8564
8564
634
198
8564
8564
8564
204
8564
8564
513
8564
8564
8564
198
204
8564
8564
8564
513
394
204
8564
8564
496
204
824
756
8564
8564
204
8564
513
8564
8564
394
8564
8564
204
8564
8564
8564
8564
8564
8564
216
8564
8564
8564
8564
8564
198
756
8564
8564
8564
204
8564
8564
8564
513
8564
8564
8564
8564
756
8564
8564
204
8564
513
8564
8564
8564
201
8564
204
8564
8564
8564
8564
216
8564
8564
8564
8564
8564
216
824
756
8564
8564
8564
204
513
8564
8564
8564
216
8564
8564
8564
8564
8564
756
204
8564
8564
8564
8564
8564
198
8564
204
8564
8564
824
198
8564
204
8564
8564
8564
8564
216
8564
8564
8564
234
8564
204
8564
513
8564
8564
234
8564
204
513
8564
8564
234
8564
204
4972
8564
216
8564
513
8564
8564
394
204
513
8564
8564
496
204
513
8564
8564
8564
216
8564
234
8564
8564
8564
8564
204
8564
8564
8564
8564
8564
216
8564
8564
8564
8564
8564
513
8564
8564
513
8564
8564
8564
8564
756
8564
8564
8564
8564
204
8564
8564
8564
216
8564
824
4972
8564
8564
216
824
8564
8564
201
824
8564
8564
8564
204
8564
513
198
8564
204
8564
8564
234
8564
204
513
8564
8564
234
8564
204
513
8564
8564
234
8564
204
4972
8564
216
8564
513
8564
216
8564
1345
1345
1345
1345
8564
8564
1345
4783
824
513
8564
8564
8564
198
513
8564
8564
8564
8564
8564
204
8564
8564
8564
198
204
824
216
824
513
765
885
885
773
756
756
8564
810
564
670
8564
8564
198
8564
8564
8564
204
513
8564
8564
8564
8564
198
8564
204
8564
257
513
8564
8564
8564
8564
496
204
198
756
8564
8564
8564
204
513
8564
8564
513
8564
8564
513
8564
824
824
513
8564
8564
8564
8564
257
824
513
8564
513
8564
8564
8564
8564
8564
8564
8564
8564
8564
513
8564
8564
8564
8564
547
198
8564
204
824
198
8564
204
824
824
513
8564
8564
8564
8564
8564
216
8564
198
204
824
216
824
824
824
824
513
8564
8564
8564
8564
257
8564
1345
1345
1345
1345
8564
1345
4783
198
8564
204
8564
8564
8564
198
513
8564
8564
8564
204
8564
8564
513
8564
824
8564
8564
198
8564
8564
8564
204
8564
824
8564
216
8564
257
8564
1345
8564
4783
198
204
257
824
513
8564
8564
257
8564
1345
1345
1345
1345
1345
1345
1345
1345
1345
1345
1345
1345
1345
1345
8564
1345
4783
824
513
8564
8564
8564
513
8564
8564
513
8564
8564
513
8564
8564
198
8564
204
513
8564
513
8564
513
8564
513
8564
8564
8564
8564
216
8564
513
8564
496
8564
8564
8564
204
8564
8564
8564
564
670
8564
8564
513
8564
8564
8564
8564
8564
198
8564
8564
8564
204
8564
8564
8564
8564
8564
198
204
8564
8564
412
204
8564
824
8564
8564
8564
198
204
8564
824
8564
8564
8564
8564
216
8564
8564
8564
8564
8564
824
198
8564
8564
8564
8564
8564
204
8564
257
8564
8564
8564
8564
216
513
8564
8564
198
204
513
8564
8564
216
8564
8564
513
8564
824
8564
8564
198
8564
8564
8564
204
198
8564
204
824
257
8564
8564
824
8564
216
513
564
513
8564
8564
8564
8564
216
8564
1345
1345
1345
8564
8564
1345
4783
8564
8564
8564
8564
8564
8564
8564
8564
8564
8564
8564
8564
8564
8564
8564
198
8564
8564
8564
8564
204
8564
198
8564
204
8564
8564
8564
8564
8564
8564
216
8564
8564
8564
8564
216
8564
257
824
8564
198
8564
204
8564
8564
8564
8564
8564
198
8564
8564
8564
204
8564
513
8564
8564
513
8564
8564
513
8564
824
8564
198
8564
204
8564
824
8564
198
8564
204
513
8564
8564
8564
824
8564
8564
216
824
216
8564
1345
1345
1345
1345
1345
1345
1345
1345
8564
1345
8564
3722
8564
1345
4783
513
8564
8564
513
8564
8564
8564
8564
253
8564
513
8564
8564
513
8564
8564
8564
8564
513
8564
8564
8564
8564
513
8564
8564
8564
8564
513
8564
8564
8564
8564
513
8564
8564
8564
8564
513
8564
8564
8564
8564
513
8564
8564
8564
8564
513
8564
8564
8564
8564
513
8564
8564
8564
8564
198
8564
204
8564
4972
824
8564
5012
8564
8564
216
8564
513
8564
8564
8564
8564
8564
513
8564
8564
8564
8564
513
8564
8564
8564
198
8564
8564
8564
204
198
810
8564
8564
8564
824
8564
198
8564
204
824
8564
8564
8564
216
198
198
424
8564
204
8564
4972
8564
216
824
204
824
198
204
8564
8564
8564
198
204
8564
8564
234
204
8564
216
8564
198
204
425
204
198
8564
204
198
204
8564
198
204
8564
8564
234
8564
204
513
8564
8564
8564
8564
513
8564
8564
198
513
8564
8564
8564
204
824
8564
198
8564
204
8564
8564
216
8564
8564
8564
8564
8564
8564
8564
8564
216
824
675
8564
8564
8564
8564
8564
8564
216
824
198
204
8564
3634
216
513
8564
8564
8564
8564
547
8564
824
216
481
824
824
8564
8564
8564
513
8564
8564
198
204
8564
8564
513
513
8564
8564
216
8564
824
8564
824
8564
824
8564
8564
412
204
8564
824
216
513
8564
8564
198
8564
8564
204
513
8564
8564
8564
216
8564
824
513
8564
8564
8564
8564
216
8564
8564
513
8564
8564
824
198
204
513
8564
8564
513
8564
8564
8564
8564
8564
8564
8564
8564
513
8564
8564
824
216
513
8564
8564
8564
8564
547
8564
824
513
8564
8564
8564
8564
198
204
8564
824
481
204
824
824
198
204
8564
3634
216
8564
547
8564
824
824
481
198
204
8564
204
8564
8564
8564
234
8564
513
8564
204
8564
198
204
4972
496
204
8564
216
8564
198
204
204
8564
204
513
8564
8564
8564
8564
198
8564
8564
204
824
513
8564
8564
8564
8564
216
824
198
204
8564
3634
216
513
8564
8564
8564
8564
547
8564
824
481
8564
201
8564
8564
8564
204
824
8564
8564
216
513
8564
8564
198
8564
204
8564
8564
8564
4783
8564
8564
216
8564
8564
8564
234
204
8564
216
513
8564
8564
198
8564
204
8564
8564
4783
8564
8564
216
513
8564
8564
8564
8564
8564
216
824
824
824
8564
412
8564
204
824
8564
216
8564
1345
8564
4783
513
8564
8564
8564
8564
513
8564
8564
8564
8564
198
8564
204
513
8564
8564
513
8564
8564
8564
8564
412
204
824
257
824
257
513
8564
8564
198
8564
204
824
257
8564
1345
8564
4783
513
8564
8564
8564
8564
824
257
8564
1345
8564
4783
8564
8564
8564
8564
8564
824
257
8564
1345
8564
8564
1345
1345
1345
8564
8564
8564
1345
1345
1345
1345
1345
8564
1345
4783
8564
513
8564
8564
513
8564
8564
8564
8564
412
204
513
8564
8564
216
513
8564
8564
198
204
8564
3634
216
513
8564
8564
198
204
824
216
513
8564
8564
513
8564
8564
513
8564
8564
513
8564
8564
513
8564
8564
8564
8564
513
8564
8564
8564
8564
253
8564
8564
8564
8564
513
8564
8564
8564
8564
513
8564
8564
8564
8564
513
8564
8564
8564
8564
513
8564
8564
8564
8564
513
8564
8564
8564
8564
513
8564
8564
8564
8564
513
8564
8564
8564
8564
513
8564
8564
8564
8564
198
8564
204
8564
513
8564
8564
513
8564
8564
513
8564
8564
8564
8564
198
513
8564
8564
8564
8564
8564
204
8564
8564
8564
513
8564
8564
513
8564
8564
513
8564
8564
824
8564
1011
8564
513
8564
8564
513
8564
8564
8564
8564
8564
198
8564
204
824
198
8564
204
824
8564
198
204
8564
8564
216
8564
8564
198
204
8564
8564
216
8564
547
8564
8564
513
8564
8564
481
8564
8564
547
8564
8564
8564
8564
198
8564
204
513
8564
216
8564
513
564
670
8564
8564
198
8564
8564
204
198
8564
8564
8564
8564
204
513
8564
8564
8564
8564
198
8564
8564
8564
204
8564
198
204
8564
513
8564
8564
8564
8564
216
513
8564
8564
216
8564
8564
8564
513
8564
8564
8564
670
756
8564
204
749
8564
216
8564
198
8564
8564
204
8564
756
204
824
513
513
8564
8564
8564
216
513
8564
8564
481
8564
670
756
8564
8564
204
670
756
8564
8564
204
824
8564
216
8564
8564
198
8564
8564
204
513
8564
8564
8564
8564
216
8564
824
8564
198
204
513
8564
8564
8564
216
8564
513
8564
8564
481
824
675
8564
8564
8564
8564
8564
216
513
513
8564
8564
8564
824
8564
8564
216
513
8564
8564
8564
8564
198
513
8564
8564
810
8564
216
8564
1345
1345
1345
8564
1345
1345
1345
1345
1345
1345
8564
1345
4783
8564
8564
8564
8564
8564
8564
8564
8564
8564
412
204
8564
8564
8564
412
204
8564
8564
8564
198
204
8564
3634
216
8564
8564
8564
198
204
824
216
8564
8564
8564
8564
8564
8564
8564
8564
8564
8564
8564
8564
8564
8564
8564
8564
8564
8564
8564
8564
8564
8564
8564
8564
8564
8564
8564
8564
8564
8564
8564
8564
8564
8564
8564
8564
8564
8564
8564
8564
8564
8564
8564
8564
8564
8564
8564
8564
8564
8564
8564
8564
8564
8564
8564
8564
8564
8564
8564
8564
8564
8564
8564
8564
8564
198
8564
204
8564
8564
8564
8564
8564
8564
8564
8564
8564
8564
8564
8564
198
8564
8564
8564
8564
8564
8564
204
8564
8564
8564
8564
8564
8564
513
8564
8564
513
8564
8564
824
8564
1011
8564
513
8564
8564
513
8564
8564
8564
8564
8564
198
8564
204
824
8564
8564
198
8564
8564
8564
204
824
198
8564
204
824
8564
198
204
8564
8564
216
8564
8564
198
204
8564
8564
216
8564
547
8564
8564
8564
8564
8564
216
481
8564
547
8564
8564
8564
8564
8564
198
204
513
8564
216
8564
513
564
670
8564
8564
198
8564
8564
204
8564
8564
234
8564
8564
204
8564
8564
8564
8564
8564
8564
8564
8564
8564
8564
8564
670
8564
8564
700
8564
8564
204
8564
8564
8564
8564
8564
8564
216
8564
756
204
8564
8564
8564
8564
8564
198
8564
204
8564
8564
8564
8564
8564
198
8564
8564
204
8564
8564
198
204
8564
8564
8564
198
204
513
8564
8564
8564
8564
8564
670
756
8564
204
749
8564
216
8564
198
8564
8564
204
8564
756
204
824
8564
513
8564
8564
8564
216
8564
8564
8564
481
8564
8564
8564
198
204
8564
8564
8564
216
8564
8564
8564
216
824
675
8564
8564
8564
8564
8564
216
824
8564
198
204
513
8564
8564
8564
216
8564
8564
8564
8564
481
8564
670
756
8564
8564
204
670
756
8564
8564
204
8564
8564
8564
8564
8564
198
8564
8564
8564
810
8564
216
824
8564
198
204
8564
8564
216
8564
8564
8564
8564
8564
481
8564
513
8564
8564
8564
824
8564
8564
216
824
8564
8564
8564
8564
8564
756
204
8564
496
204
824
8564
198
204
8564
8564
216
8564
8564
216
8564
8564
8564
8564
216
824
216
8564
8564
8564
8564
8564
216
8564
8564
257
8564
1345
8564
4783
824
257
8564
1345
8564
8564
1345
4783
198
8564
204
8564
8564
8564
198
204
8564
3634
216
8564
8564
1011
8564
8564
8564
8564
670
8564
8564
8564
8564
4972
824
8564
5012
8564
8564
4972
8564
8564
8564
231
216
8564
8564
8564
8564
8564
8564
204
8564
8564
8564
8564
8564
513
8564
513
8564
513
8564
8564
216
8564
8564
198
8564
8564
204
8564
8564
8564
8564
8564
700
8564
204
8564
8564
8564
8564
8564
204
8564
8564
8564
8564
198
8564
204
8564
8564
513
8564
824
8564
8564
8564
8564
8564
8564
8564
8564
8564
8564
8564
670
8564
8564
8564
8564
8564
198
8564
204
8564
8564
8564
8564
8564
216
257
231
481
8564
1345
1345
1345
8564
1345
1345
1345
1345
1345
8564
8564
8564
4783
198
204
198
198
424
8564
204
8564
513
8564
8564
8564
8564
198
8564
8564
216
8564
564
670
8564
8564
234
8564
8564
8564
8564
204
8564
250
412
204
251
513
8564
8564
8564
8564
8564
8564
204
8564
8564
670
8564
8564
647
4637
8564
424
204
513
8564
8564
234
8564
204
513
8564
8564
8564
564
670
8564
8564
234
8564
8564
8564
204
513
771
8564
204
8564
198
8564
204
8564
1011
8564
8564
8564
216
8564
513
8564
8564
257
8564
257
198
8564
204
8564
8564
8564
216
513
8564
8564
8564
8564
8564
216
198
204
1011
8564
8564
216
513
8564
8564
8564
216
8564
1345
1345
1345
1345
8564
8564
670
8564
8564
8564
1106
8564
257
234
513
670
8564
8564
8564
204
234
612
670
8564
8564
216
8564
8564
8564
8564
8564
216
8564
8564
216
234
204
234
8564
204
234
204
8564
8564
8564
216
234
8564
8564
204
513
8564
8564
8564
216
513
8564
8564
8564
216
234
8564
204
234
204
8564
8564
8564
216
513
8564
8564
8564
216
8564
1345
1345
1345
1345
1345
1345
1345
1345
1345
1345
1345
1345
1345
1345
1345
8564
8564
4783
824
409
756
8564
8564
204
8564
8564
8564
513
630
8564
8564
8564
204
513
8564
8564
8564
8564
216
8564
8564
8564
8564
670
8564
8564
670
8564
8564
431
4774
858
253
675
1156
670
8564
8564
8564
8564
216
8564
8564
675
670
8564
8564
513
670
8564
8564
257
675
4621
8564
8564
8564
204
8564
8564
513
8564
8564
513
8564
8564
8564
8564
8564
253
8564
564
670
8564
8564
4689
687
204
8564
8564
8564
564
670
8564
8564
8564
564
513
670
8564
8564
8564
234
8564
8564
204
8564
8564
8564
8564
564
670
8564
8564
8564
216
8564
513
630
8564
8564
8564
8564
8564
8564
8564
204
8564
8564
8564
425
204
634
198
8564
8564
8564
8564
204
670
8564
8564
8564
8564
216
670
8564
8564
431
4774
675
8564
4686
670
8564
8564
858
4774
253
675
8564
4686
513
670
8564
8564
8564
8564
216
8564
8564
513
8564
8564
513
8564
8564
257
8564
8564
513
8564
8564
513
8564
8564
513
8564
8564
513
8564
8564
257
4689
687
8564
8564
8564
8564
8564
204
8564
1345
1345
1345
1345
8564
1345
4783
8564
8564
8564
8564
8564
198
8564
204
8564
513
8564
513
8564
8564
8564
216
513
564
670
8564
8564
198
8564
8564
8564
204
8564
8564
8564
8564
8564
198
8564
8564
204
8564
257
8564
1345
1345
8564
4783
198
8564
204
8564
8564
234
8564
204
8564
756
8564
599
8564
216
8564
513
8564
8564
8564
8564
481
8564
1345
1345
8564
4783
198
8564
204
8564
8564
234
8564
204
8564
425
599
8564
216
8564
513
8564
8564
8564
8564
481
8564
1345
1345
8564
4783
198
8564
204
8564
8564
234
8564
204
8564
8564
216
8564
8564
8564
8564
8564
8564
481
8564
1345
1345
8564
4783
198
8564
204
8564
8564
234
8564
204
8564
756
8564
599
8564
216
8564
8564
8564
8564
8564
8564
481
8564
1345
1345
8564
1345
4783
198
8564
204
8564
8564
234
8564
8564
204
8564
8564
513
8564
8564
824
216
481
8564
756
8564
8564
204
824
216
8564
1345
8564
4783
824
257
8564
1345
8564
4783
824
257
8564
1345
8564
1345
4783
513
8564
8564
513
8564
8564
8564
8564
8564
8564
513
8564
8564
198
204
513
8564
8564
8564
8564
216
8564
8564
8564
8564
8564
8564
8564
8564
8564
8564
8564
257
8564
8564
513
8564
8564
198
204
513
8564
513
8564
8564
513
8564
8564
670
8564
8564
8564
8564
481
513
4783
481
8564
1345
1345
8564
4783
198
204
8564
8564
234
204
513
8564
4846
198
204
513
8564
4846
198
204
513
8564
4846
198
204
513
8564
4846
198
204
513
8564
4846
198
8564
8564
204
513
8564
8564
8564
8564
8564
216
513
8564
8564
8564
8564
8564
216
8564
257
513
8564
8564
8564
8564
481
8564
1345
1345
8564
4783
198
8564
204
8564
8564
234
8564
204
513
8564
8564
8564
8564
198
204
8564
3634
216
4972
824
8564
5012
8564
8564
8564
216
8564
257
8564
1345
8564
4783
513
8564
8564
8564
198
204
513
8564
8564
198
8564
204
513
8564
8564
513
8564
8564
8564
8564
513
8564
8564
8564
8564
257
481
513
8564
8564
513
8564
8564
8564
8564
513
8564
8564
8564
8564
481
8564
1345
1345
8564
8564
4783
513
8564
8564
198
204
425
204
8564
8564
8564
8564
8564
234
204
670
8564
216
8564
8564
234
8564
204
8564
513
412
8564
204
513
8564
8564
8564
8564
234
580
8564
216
481
513
4783
481
8564
1345
1345
1345
1345
1345
1345
1345
1345
8564
1345
4783
8564
513
8564
513
8564
513
8564
513
8564
8564
8564
8564
216
8564
8564
8564
8564
8564
216
8564
8564
412
8564
204
8564
513
412
8564
8564
8564
204
8564
8564
513
8564
8564
234
204
234
8564
8564
204
8564
8564
8564
8564
8564
824
198
757
513
8564
412
8564
8564
8564
8564
8564
204
8564
257
8564
8564
216
8564
1345
1345
1345
1345
1345
1345
1345
1345
1345
1345
1345
1345
1345
1345
1345
1345
1345
1345
1345
1345
1345
1345
8564
1345
1345
1345
1345
1345
1345
1345
1345
1345
1345
1345
8564
4783
513
8564
8564
513
8564
8564
8564
8564
8564
216
653
198
8564
204
198
8564
204
198
8564
8564
8564
8564
8564
8564
8564
204
8564
8564
8564
675
670
8564
8564
8564
8564
234
513
8564
8564
8564
8564
8564
204
8564
8564
8564
8564
513
8564
8564
8564
8564
216
8564
8564
8564
8564
670
8564
8564
234
204
647
234
8564
8564
8564
8564
204
670
8564
8564
234
8564
204
198
8564
8564
8564
204
8564
8564
8564
8564
8564
8564
8564
216
8564
8564
8564
8564
8564
8564
8564
564
8564
858
695
8564
8564
4689
687
8564
8564
8564
204
8564
8564
564
8564
8564
8564
670
8564
8564
858
8564
8564
8564
216
8564
8564
8564
198
8564
8564
8564
8564
8564
8564
204
8564
8564
8564
253
8564
8564
8564
216
8564
8564
8564
675
4637
8564
8564
8564
8564
204
8564
198
8564
8564
8564
204
670
8564
8564
513
8564
513
8564
8564
8564
8564
234
8564
8564
8564
8564
8564
8564
204
8564
8564
8564
670
8564
8564
481
8564
8564
8564
198
8564
8564
8564
204
198
8564
8564
8564
8564
204
8564
8564
8564
198
8564
8564
8564
8564
8564
8564
204
8564
8564
8564
8564
8564
8564
8564
216
513
670
8564
8564
1347
647
431
675
1191
204
8564
257
564
8564
670
8564
8564
234
8564
204
513
8564
8564
8564
8564
216
564
8564
670
8564
8564
234
8564
204
513
8564
8564
8564
8564
216
564
8564
8564
8564
8564
216
8564
564
8564
8564
8564
8564
8564
8564
216
8564
1345
1345
1345
1345
1345
1345
1345
1345
1345
1345
1345
1345
1345
3722
1345
1345
1345
1345
1345
1345
1345
1345
8564
1345
1345
8564
8564
8564
1345
4783
8564
198
204
8564
8564
234
8564
204
198
204
513
8564
8564
257
4972
824
824
198
8564
204
756
204
513
8564
513
8564
513
8564
513
8564
513
8564
513
8564
513
8564
513
8564
513
8564
513
8564
513
8564
513
8564
8564
513
8564
513
8564
8564
513
8564
8564
8564
216
8564
513
8564
8564
8564
204
8564
8564
8564
8564
824
8564
8564
513
8564
8564
8564
8564
8564
8564
216
8564
8564
8564
8564
8564
198
204
8564
234
8564
204
8564
412
204
8564
8564
8564
8564
8564
8564
8564
8564
8564
8564
198
580
8564
956
8564
8564
216
8564
8564
8564
8564
496
8564
8564
8564
204
8564
8564
8564
8564
198
8564
810
8564
8564
670
8564
8564
647
513
394
564
670
8564
8564
234
204
204
8564
198
580
8564
956
647
8564
8564
8564
8564
216
8564
8564
8564
8564
670
8564
8564
234
8564
8564
8564
8564
8564
8564
8564
8564
8564
204
8564
8564
8564
8564
8564
8564
513
8564
8564
8564
8564
8564
8564
8564
8564
496
8564
8564
8564
8564
204
8564
8564
8564
8564
8564
8564
8564
216
8564
647
8564
216
8564
675
234
204
513
8564
8564
513
8564
8564
564
670
8564
8564
234
204
513
8564
8564
513
8564
8564
824
513
8564
8564
257
234
204
8564
8564
8564
198
580
8564
956
8564
8564
216
513
8564
8564
8564
8564
198
580
8564
956
234
8564
8564
8564
8564
204
8564
8564
8564
8564
234
8564
8564
8564
8564
8564
8564
8564
8564
8564
8564
8564
204
8564
8564
8564
8564
675
8564
513
8564
8564
8564
8564
824
8564
647
8564
8564
8564
8564
8564
8564
8564
216
824
481
513
8564
8564
513
8564
8564
8564
8564
412
8564
204
8564
8564
8564
234
8564
204
513
8564
8564
824
198
204
8564
513
8564
8564
8564
513
8564
8564
8564
8564
824
8564
8564
216
653
198
612
8564
216
824
216
8564
1345
8564
4783
824
257
8564
1345
1345
1345
1345
1345
1345
1345
1345
1345
3722
8564
1345
4783
8564
8564
204
513
8564
8564
547
198
204
8564
8564
564
670
8564
8564
8564
8564
8564
8564
8564
1347
8564
8564
8564
8564
513
8564
8564
8564
216
8564
513
8564
8564
8564
8564
8564
216
8564
257
513
8564
8564
8564
8564
198
204
8564
8564
513
8564
8564
234
204
547
8564
8564
8564
216
8564
8564
8564
8564
198
204
198
8564
204
513
653
8564
8564
253
653
8564
8564
8564
8564
216
8564
8564
670
8564
8564
824
8564
8564
8564
216
675
513
653
8564
8564
8564
8564
216
513
653
8564
8564
253
653
8564
8564
8564
8564
216
824
8564
670
8564
8564
8564
216
513
8564
8564
564
547
670
8564
8564
513
8564
8564
8564
216
8564
1345
8564
4783
198
204
824
216
824
481
8564
1345
8564
4783
513
8564
8564
8564
8564
8564
824
8564
257
8564
1345
8564
4783
824
257
8564
1345
8564
4783
824
257
8564
1345
8564
4783
824
257
8564
8564
257
8564
1345
1345
8564
4783
8564
4972
824
824
198
8564
204
824
8564
216
8564
257
824
8564
216
8564
1345
8564
4783
198
204
8564
8564
234
513
8564
8564
8564
8564
8564
198
204
204
8564
3634
216
824
513
8564
8564
8564
8564
8564
8564
8564
216
481
204
8564
3634
216
4972
824
513
8564
8564
8564
824
8564
8564
8564
670
8564
8564
481
513
8564
8564
8564
8564
198
204
8564
3634
216
513
8564
8564
8564
8564
8564
216
8564
1345
8564
4783
198
204
8564
8564
234
8564
8564
8564
8564
8564
8564
198
204
204
8564
3634
216
824
8564
8564
8564
8564
8564
8564
8564
8564
216
481
204
8564
3634
216
4972
824
8564
8564
8564
8564
824
8564
8564
8564
670
8564
8564
481
8564
8564
8564
8564
8564
198
204
8564
3634
216
8564
8564
8564
8564
8564
8564
216
8564
1345
1345
1345
3722
1345
1345
8564
4783
198
8564
204
8564
4972
824
8564
5012
513
8564
8564
8564
8564
198
204
8564
3634
216
8564
8564
8564
8564
8564
8564
8564
8564
8564
833
8564
513
8564
8564
8564
533
765
8564
8564
216
765
8564
8564
216
8564
8564
8564
4972
824
8564
824
8564
670
8564
8564
824
8564
216
8564
257
513
8564
8564
700
8564
8564
204
234
8564
8564
8564
8564
8564
204
513
8564
216
513
700
8564
204
8564
8564
8564
234
8564
204
8564
1345
8564
4783
198
204
8564
8564
234
513
8564
8564
8564
8564
8564
198
204
204
8564
3634
216
824
513
8564
8564
8564
8564
8564
8564
8564
216
481
204
8564
3634
216
4972
824
513
8564
8564
8564
824
8564
8564
8564
670
8564
8564
481
513
8564
8564
8564
8564
198
204
8564
3634
216
513
8564
8564
8564
8564
8564
216
8564
1345
1345
8564
1345
1345
1345
1345
1345
1345
1345
8564
4783
547
198
204
513
8564
8564
513
8564
8564
547
513
8564
8564
8564
216
8564
198
8564
8564
8564
204
8564
8564
8564
634
198
8564
8564
8564
8564
8564
204
536
513
670
8564
8564
8564
8564
8564
216
8564
8564
8564
675
513
670
8564
8564
670
8564
8564
257
198
204
425
204
675
4621
8564
8564
8564
8564
204
513
8564
8564
513
8564
8564
513
8564
8564
8564
8564
8564
253
8564
564
670
8564
8564
4689
687
8564
204
4689
687
8564
8564
8564
204
8564
8564
8564
216
8564
8564
8564
564
8564
670
8564
8564
8564
216
513
8564
8564
8564
8564
8564
216
198
8564
8564
8564
8564
204
513
8564
8564
513
8564
8564
513
8564
8564
8564
8564
8564
216
513
8564
8564
8564
8564
8564
216
8564
8564
8564
564
670
8564
8564
647
564
513
670
8564
8564
8564
234
204
8564
8564
8564
216
8564
8564
8564
670
8564
8564
8564
216
8564
1345
1345
1345
1345
8564
1345
8564
1345
1345
1345
1345
8564
1345
1345
1345
1345
1345
8564
4783
8564
4972
824
8564
234
8564
8564
204
513
634
8564
8564
8564
216
513
8564
8564
513
8564
8564
513
8564
8564
547
8564
8564
216
8564
8564
198
8564
8564
8564
204
8564
8564
198
198
424
8564
8564
8564
216
8564
8564
8564
8564
8564
8564
204
8564
8564
513
8564
8564
216
8564
8564
8564
513
675
8564
8564
8564
513
234
8564
8564
8564
8564
204
8564
8564
8564
1011
431
630
204
234
204
647
4621
204
4637
8564
8564
204
8564
8564
1156
1191
8564
204
431
675
1191
204
8564
564
513
670
8564
8564
670
257
513
8564
8564
513
8564
8564
513
8564
8564
8564
253
564
8564
670
8564
8564
4689
687
8564
204
4689
687
204
8564
8564
8564
8564
216
8564
8564
8564
8564
564
670
8564
8564
198
8564
8564
8564
8564
204
8564
513
8564
8564
8564
8564
216
234
204
234
234
424
8564
8564
8564
216
513
8564
8564
8564
8564
216
8564
8564
8564
257
513
8564
8564
513
8564
8564
513
8564
8564
8564
8564
216
8564
8564
8564
8564
670
8564
8564
647
564
513
670
8564
8564
8564
234
204
8564
8564
8564
216
198
8564
8564
8564
216
8564
8564
8564
670
8564
8564
8564
8564
216
513
8564
8564
216
8564
1345
8564
257
8564
1345
1345
1345
1345
1345
1345
1345
1345
1345
1345
1345
8564
1345
4783
8564
513
8564
513
8564
513
8564
513
8564
513
8564
513
8564
513
513
8564
513
8564
513
8564
513
8564
513
8564
513
8564
513
513
8564
8564
216
647
234
8564
8564
204
824
8564
513
8564
8564
8564
824
198
8564
8564
8564
810
198
8564
8564
8564
8564
204
8564
8564
8564
8564
8564
8564
216
8564
824
8564
824
8564
216
8564
513
8564
8564
8564
204
8564
8564
564
670
8564
8564
234
8564
204
8564
198
204
8564
8564
198
204
824
8564
8564
8564
513
670
8564
824
8564
8564
8564
670
8564
8564
8564
8564
8564
8564
8564
8564
824
8564
216
8564
513
824
8564
824
8564
8564
8564
8564
204
8564
8564
8564
8564
216
8564
257
8564
8564
8564
8564
8564
8564
216
198
204
824
8564
216
513
8564
824
8564
8564
8564
8564
513
513
8564
8564
8564
8564
216
8564
8564
8564
8564
670
8564
8564
670
8564
8564
670
8564
8564
8564
216
8564
824
8564
8564
8564
8564
216
8564
8564
257
8564
1345
1345
1345
8564
1345
4783
824
8564
8564
8564
8564
8564
8564
8564
198
204
8564
513
8564
513
8564
8564
8564
216
513
8564
8564
198
8564
8564
204
8564
8564
8564
8564
8564
8564
8564
198
8564
204
513
8564
8564
257
481
8564
1345
1345
8564
4783
824
198
8564
204
824
8564
216
8564
257
8564
1345
8564
4783
8564
4972
4783
257
8564
4783
257
8564
1345
1345
8564
4783
198
8564
204
8564
4972
824
824
198
8564
204
824
824
513
8564
8564
412
198
424
8564
8564
204
513
8564
8564
412
8564
204
8564
257
824
257
824
8564
216
8564
1345
8564
4783
824
824
257
8564
1345
8564
4783
824
824
257
8564
1345
8564
4783
824
257
8564
1345
1345
1345
1345
1345
1345
1345
1345
1345
1345
1345
1345
1345
8564
8564
4783
198
8564
204
198
198
424
8564
204
8564
513
8564
8564
513
8564
8564
513
8564
8564
8564
8564
8564
8564
216
513
8564
8564
8564
8564
216
8564
8564
8564
8564
251
8564
8564
8564
8564
8564
204
8564
8564
8564
8564
8564
8564
216
8564
8564
198
670
8564
8564
8564
1156
1191
8564
204
647
8564
564
670
8564
8564
1347
513
251
8564
8564
8564
204
8564
257
513
8564
8564
412
412
424
412
424
8564
8564
204
513
412
8564
204
198
8564
757
472
234
8564
757
810
8564
8564
8564
8564
216
513
412
8564
204
513
8564
8564
8564
8564
8564
8564
216
513
8564
8564
8564
8564
8564
216
8564
1345
1345
1345
1345
1345
1345
1345
1345
1345
8564
1345
4783
8564
513
513
513
8564
513
8564
8564
8564
8564
216
513
8564
8564
513
198
8564
8564
8564
204
8564
8564
8564
8564
8564
8564
198
8564
204
564
670
513
8564
8564
513
8564
8564
198
8564
204
513
8564
8564
8564
8564
234
8564
204
513
8564
8564
8564
8564
198
8564
204
8564
234
8564
8564
204
8564
513
8564
8564
234
612
8564
216
8564
8564
8564
513
8564
8564
8564
234
8564
8564
204
8564
257
513
8564
8564
513
8564
8564
8564
198
204
513
8564
8564
8564
198
8564
204
513
8564
8564
513
8564
8564
198
8564
204
8564
8564
216
513
513
8564
8564
8564
216
513
8564
8564
513
198
8564
8564
8564
204
8564
8564
8564
8564
8564
8564
198
8564
204
564
513
670
8564
8564
198
8564
204
513
8564
8564
8564
513
513
8564
8564
8564
513
8564
8564
8564
8564
8564
8564
8564
216
513
8564
8564
8564
8564
216
513
8564
8564
8564
198
204
513
8564
8564
8564
198
8564
8564
204
513
8564
8564
8564
8564
513
8564
8564
8564
8564
8564
216
513
8564
8564
513
8564
8564
8564
8564
8564
824
8564
8564
216
8564
8564
216
513
8564
8564
824
8564
8564
216
8564
1345
1345
1345
1345
8564
1345
3722
8564
1345
1345
1345
8564
1345
1345
1345
3722
1345
1345
1345
1345
1345
1345
1345
1345
1345
1345
1345
1345
1345
1345
1345
1345
1345
1345
1345
1345
1345
1345
1345
1345
1345
1345
1345
1345
1345
1345
1345
1345
1345
3722
1345
1345
8564
1345
1345
1345
8564
1345
1345
1345
1345
1345
8564
1345
1345
1345
8564
1345
1345
1345
8564
1345
1345
1345
1345
1345
1345
1345
1345
1345
1345
8564
1345
8564
1345
4783
8564
198
204
8564
8564
681
234
8564
8564
8564
8564
204
513
198
8564
204
8564
8564
8564
8564
8564
1347
513
198
8564
204
8564
8564
533
8564
8564
8564
8564
8564
234
8564
204
234
204
1011
234
8564
8564
8564
204
8564
8564
8564
409
198
8564
8564
204
8564
8564
8564
8564
533
8564
513
670
8564
8564
234
8564
204
1011
8564
8564
8564
8564
216
8564
8564
8564
8564
8564
8564
4846
198
234
204
8564
8564
8564
8564
204
8564
8564
8564
8564
1347
8564
216
8564
8564
8564
681
234
8564
8564
8564
8564
204
513
670
8564
8564
234
204
564
513
8564
8564
8564
8564
216
8564
234
8564
204
700
8564
204
8564
513
670
8564
8564
234
8564
8564
8564
204
8564
8564
198
8564
204
513
8564
8564
513
8564
8564
513
8564
8564
8564
8564
8564
8564
8564
513
8564
8564
8564
8564
8564
513
8564
8564
8564
8564
824
216
513
8564
8564
216
513
8564
8564
257
8564
513
670
8564
8564
8564
8564
8564
8564
8564
533
8564
216
513
8564
8564
234
8564
8564
8564
204
8564
8564
1347
8564
513
670
8564
8564
234
8564
8564
8564
204
8564
8564
198
8564
204
8564
216
8564
8564
204
8564
1347
8564
8564
216
8564
1347
8564
513
8564
8564
234
8564
8564
8564
204
8564
8564
8564
8564
513
8564
513
8564
8564
8564
216
513
8564
8564
198
8564
8564
204
8564
8564
8564
8564
8564
198
8564
204
513
8564
8564
8564
8564
8564
8564
8564
8564
8564
8564
8564
533
8564
513
8564
8564
8564
533
771
8564
8564
204
8564
8564
8564
216
8564
8564
8564
513
8564
8564
8564
824
8564
216
8564
216
8564
513
8564
8564
8564
8564
8564
533
8564
216
513
670
8564
8564
1011
234
8564
8564
8564
8564
204
8564
8564
8564
4846
198
8564
8564
204
564
8564
8564
8564
8564
8564
216
8564
8564
8564
198
8564
8564
8564
204
8564
198
204
8564
8564
234
204
8564
8564
513
201
8564
810
513
8564
513
8564
8564
8564
8564
216
513
564
670
8564
8564
198
8564
8564
204
8564
8564
8564
8564
8564
198
8564
204
564
8564
670
8564
8564
513
8564
8564
216
8564
8564
8564
8564
8564
8564
216
513
8564
8564
198
8564
8564
204
8564
8564
8564
8564
824
198
204
8564
513
8564
8564
647
8564
8564
564
513
670
8564
8564
724
234
204
8564
8564
8564
513
8564
8564
564
670
8564
8564
858
8564
8564
216
8564
8564
8564
8564
8564
8564
216
513
8564
8564
198
8564
8564
204
8564
8564
8564
8564
824
198
204
513
8564
8564
253
8564
216
513
8564
8564
8564
8564
1347
8564
8564
8564
8564
8564
198
204
8564
8564
824
8564
513
8564
8564
8564
824
216
198
8564
8564
8564
204
1011
8564
8564
8564
216
8564
8564
8564
198
8564
204
513
670
8564
8564
234
204
675
234
8564
8564
8564
204
8564
8564
8564
513
670
8564
8564
8564
8564
8564
8564
216
513
8564
8564
681
234
8564
8564
204
513
8564
8564
216
8564
8564
8564
8564
8564
8564
533
513
513
8564
8564
216
513
8564
8564
216
8564
8564
8564
216
8564
1347
8564
513
670
8564
8564
234
8564
204
670
8564
8564
216
8564
8564
8564
513
8564
513
8564
8564
8564
8564
216
513
564
670
8564
8564
198
8564
8564
204
8564
8564
8564
8564
8564
198
8564
204
513
8564
8564
8564
216
675
234
8564
8564
204
8564
513
670
8564
8564
670
8564
8564
8564
8564
216
8564
4783
216
198
8564
8564
8564
8564
204
8564
4783
216
513
8564
8564
8564
8564
8564
1347
234
8564
8564
8564
204
8564
216
8564
513
8564
8564
8564
8564
1347
8564
216
8564
8564
513
8564
8564
8564
8564
216
513
8564
8564
198
8564
8564
204
8564
8564
8564
8564
8564
198
8564
204
513
8564
8564
234
204
8564
8564
513
670
251
8564
204
8564
8564
681
234
8564
8564
8564
204
513
251
8564
8564
204
8564
8564
8564
8564
1347
513
251
8564
8564
204
8564
513
771
8564
8564
204
8564
8564
234
8564
8564
204
8564
8564
8564
216
234
204
513
670
8564
8564
216
8564
8564
8564
8564
8564
8564
8564
8564
8564
533
8564
513
670
8564
216
513
234
8564
8564
8564
204
8564
8564
8564
724
234
8564
8564
8564
204
8564
4783
216
670
8564
8564
8564
8564
8564
216
8564
8564
8564
8564
8564
670
8564
8564
8564
8564
1347
234
8564
8564
8564
204
513
670
8564
8564
234
8564
8564
8564
8564
204
8564
8564
8564
8564
1347
513
8564
8564
234
8564
8564
8564
8564
204
8564
8564
8564
8564
513
8564
8564
216
513
8564
8564
198
8564
412
424
204
8564
8564
8564
8564
513
8564
8564
216
8564
8564
647
513
8564
8564
216
513
8564
8564
216
8564
4783
216
513
8564
8564
8564
8564
8564
513
8564
8564
198
513
8564
8564
513
8564
8564
204
513
670
8564
8564
8564
700
8564
204
8564
216
8564
8564
8564
8564
8564
513
8564
8564
8564
513
8564
8564
824
216
8564
8564
8564
8564
8564
513
8564
8564
216
8564
8564
858
8564
513
8564
8564
216
513
8564
8564
234
8564
8564
8564
8564
204
234
8564
204
8564
8564
216
8564
513
8564
8564
234
8564
8564
8564
204
8564
8564
234
8564
204
513
8564
8564
234
8564
8564
8564
204
8564
8564
8564
8564
216
8564
4972
824
513
8564
8564
234
8564
8564
8564
8564
204
858
198
8564
204
234
513
8564
204
670
8564
8564
8564
216
670
8564
8564
234
8564
204
8564
513
8564
8564
8564
216
8564
8564
8564
234
8564
204
513
670
8564
8564
883
8564
216
8564
670
8564
8564
8564
8564
681
234
8564
8564
204
4972
198
204
513
670
8564
8564
700
204
824
216
513
8564
8564
824
216
8564
8564
8564
8564
8564
8564
8564
8564
1347
824
824
216
8564
216
513
8564
8564
8564
216
670
8564
8564
8564
8564
216
8564
1345
1345
1345
8564
1345
8564
1345
1345
1345
1345
8564
1345
1345
1345
1345
1345
1345
8564
8564
8564
8564
1345
1345
4783
513
8564
513
8564
8564
824
8564
8564
8564
756
204
8564
8564
756
204
198
8564
198
424
204
824
8564
8564
4783
756
204
513
8564
8564
8564
8564
198
8564
204
670
8564
8564
824
8564
198
8564
8564
204
513
8564
8564
8564
8564
216
8564
198
204
8564
198
204
513
8564
8564
513
8564
8564
513
8564
8564
670
251
198
424
204
513
8564
8564
8564
216
8564
513
8564
8564
216
8564
412
8564
8564
8564
204
8564
234
8564
8564
8564
8564
204
8564
8564
234
8564
8564
8564
8564
204
8564
8564
513
513
412
8564
8564
8564
204
8564
8564
8564
8564
8564
234
8564
8564
8564
8564
8564
8564
204
513
8564
8564
513
234
8564
8564
8564
8564
8564
204
8564
8564
8564
8564
8564
8564
8564
1106
8564
824
8564
8564
216
8564
8564
513
670
8564
513
8564
771
8564
204
8564
8564
8564
216
8564
8564
8564
824
8564
481
4783
216
513
8564
8564
824
513
8564
8564
8564
8564
198
8564
8564
8564
204
8564
8564
8564
8564
824
8564
216
513
8564
8564
412
204
198
513
8564
204
8564
8564
216
8564
513
8564
824
513
8564
8564
8564
8564
8564
216
824
216
4783
8564
8564
216
8564
8564
257
824
216
8564
1345
1345
8564
4783
198
8564
204
8564
8564
8564
234
8564
204
824
198
204
824
257
481
513
8564
8564
198
8564
8564
204
824
198
8564
204
8564
1345
1345
8564
4783
513
8564
8564
8564
8564
234
8564
8564
204
513
8564
8564
513
8564
8564
513
8564
8564
8564
8564
201
204
8564
216
824
8564
8564
8564
8564
216
8564
257
8564
1345
1345
8564
4783
824
756
8564
204
513
8564
8564
564
253
670
8564
8564
8564
216
8564
257
8564
1345
1345
8564
8564
8564
8564
8564
8564
198
8564
204
513
8564
8564
412
8564
8564
204
513
8564
8564
412
8564
8564
204
8564
513
8564
8564
198
8564
8564
204
8564
257
8564
1345
1345
1345
1345
1345
1345
1345
8564
1345
4783
513
8564
8564
8564
8564
8564
8564
198
204
513
8564
8564
412
8564
8564
204
670
8564
8564
412
8564
204
8564
513
564
670
8564
8564
198
8564
204
824
630
8564
204
756
204
564
513
670
8564
8564
8564
216
8564
257
630
8564
204
824
630
8564
204
8564
824
513
8564
8564
670
8564
4972
824
8564
5012
8564
8564
8564
257
8564
8564
8564
8564
204
8564
513
564
670
8564
8564
198
8564
8564
8564
8564
204
8564
8564
8564
513
412
204
824
513
8564
8564
8564
216
8564
8564
513
8564
8564
670
513
8564
8564
513
8564
8564
8564
513
8564
824
8564
513
8564
8564
8564
8564
8564
8564
8564
8564
8564
8564
8564
8564
513
670
8564
8564
513
8564
8564
670
8564
8564
513
8564
8564
257
824
8564
513
8564
8564
8564
8564
8564
216
8564
1345
8564
8564
198
204
513
8564
8564
8564
8564
216
257
8564
1345
1345
8564
4783
824
198
8564
204
824
8564
216
8564
257
8564
8564
513
8564
8564
8564
8564
257
8564
1345
8564
513
8564
8564
8564
8564
198
204
513
198
8564
8564
204
513
8564
8564
513
8564
8564
8564
8564
8564
216
8564
257
513
8564
8564
513
8564
8564
8564
8564
257
8564
1345
8564
4783
824
824
257
8564
1345
8564
8564
8564
8564
8564
8564
8564
198
204
8564
198
8564
472
670
257
8564
257
8564
1345
1345
1345
1345
1345
8564
8564
1345
1345
4783
513
8564
8564
4846
198
8564
204
513
8564
8564
8564
8564
513
198
8564
204
513
198
472
670
8564
216
8564
257
513
8564
4846
198
8564
204
513
8564
8564
513
8564
8564
198
810
257
513
8564
4846
198
204
513
8564
4846
198
204
513
8564
4846
198
204
513
8564
4846
198
204
513
8564
4846
198
204
513
8564
4846
198
204
513
8564
4846
198
204
513
8564
4846
198
204
513
8564
4846
198
8564
204
513
8564
8564
513
8564
8564
198
810
8564
216
513
8564
216
8564
8564
8564
8564
8564
8564
513
8564
8564
8564
216
8564
513
513
513
8564
8564
513
8564
8564
8564
257
513
8564
8564
8564
8564
198
8564
204
824
198
513
204
8564
8564
8564
8564
824
513
8564
8564
8564
216
513
8564
216
513
8564
216
824
198
8564
204
513
8564
8564
8564
8564
8564
216
8564
8564
8564
8564
216
824
8564
216
824
198
8564
8564
204
824
513
198
810
8564
216
8564
8564
8564
216
513
8564
4846
198
8564
204
513
8564
8564
513
8564
8564
198
810
8564
216
513
8564
216
513
8564
4846
198
8564
8564
204
513
8564
8564
513
8564
8564
198
810
8564
216
8564
1345
1345
1345
1345
1345
1345
1345
8564
1345
4783
8564
513
513
513
8564
513
8564
8564
8564
8564
216
513
8564
8564
513
198
8564
8564
8564
204
8564
8564
8564
8564
8564
8564
198
8564
204
564
513
670
8564
8564
8564
8564
198
472
670
8564
216
8564
257
513
513
8564
8564
216
513
8564
8564
198
8564
8564
8564
204
8564
8564
8564
8564
8564
198
8564
204
824
257
8564
1345
8564
1345
1345
1345
1345
8564
1345
1345
1345
1345
1345
1345
1345
1345
1345
8564
1345
1345
8564
8564
1345
8564
8564
1345
1345
1345
8564
1345
1345
1345
8564
1345
8564
1345
8564
1345
1345
8564
1345
1345
8564
1345
1345
1345
8564
1345
1345
1345
1345
1345
3722
1345
1345
1345
1345
1345
1345
8564
8564
1345
4783
513
8564
8564
513
8564
8564
513
394
513
8564
8564
8564
8564
8564
204
8564
8564
8564
513
8564
8564
8564
8564
8564
670
8564
8564
8564
234
8564
204
8564
4972
8564
8564
8564
8564
8564
8564
8564
533
8564
1347
8564
513
8564
8564
234
8564
204
765
8564
216
8564
513
8564
8564
8564
8564
198
204
513
8564
8564
198
204
513
8564
8564
198
8564
204
513
513
8564
8564
4846
198
8564
204
513
8564
4846
198
8564
811
8564
216
8564
513
8564
8564
8564
8564
412
8564
580
8564
216
481
198
204
513
8564
824
8564
8564
513
8564
8564
8564
216
879
670
8564
8564
216
8564
8564
8564
8564
216
513
8564
8564
198
204
513
8564
8564
8564
8564
8564
4846
198
204
8564
513
513
513
8564
513
8564
513
8564
8564
8564
8564
216
513
8564
8564
513
198
8564
8564
8564
204
8564
8564
8564
8564
8564
8564
8564
198
8564
204
8564
8564
564
513
670
8564
8564
513
8564
8564
8564
8564
8564
216
8564
8564
8564
8564
8564
513
8564
8564
513
8564
8564
394
756
424
8564
204
513
670
8564
8564
234
8564
8564
204
8564
8564
8564
216
8564
8564
670
8564
8564
670
8564
8564
681
234
8564
8564
8564
8564
204
513
670
8564
216
8564
8564
8564
1347
513
8564
216
765
8564
8564
8564
216
8564
8564
1347
513
234
810
8564
216
8564
513
8564
8564
8564
216
8564
4972
824
8564
5012
8564
201
204
8564
216
513
8564
4846
198
8564
204
8564
8564
4846
198
8564
580
8564
216
8564
8564
824
481
8564
756
394
424
204
513
670
8564
8564
234
204
670
8564
8564
513
8564
8564
681
234
8564
8564
8564
8564
204
513
8564
216
8564
8564
8564
1347
513
8564
216
765
8564
8564
216
8564
1106
513
4783
216
8564
824
8564
8564
513
8564
8564
8564
216
824
756
204
8564
670
8564
8564
8564
8564
533
765
8564
8564
216
8564
1156
1191
204
8564
670
8564
8564
1156
1191
8564
8564
8564
8564
8564
8564
8564
204
8564
8564
8564
1011
513
564
431
670
670
8564
8564
1156
1191
8564
8564
8564
204
564
8564
8564
8564
8564
216
8564
8564
8564
8564
234
204
8564
8564
8564
8564
8564
216
8564
8564
8564
1347
234
8564
8564
204
513
670
8564
8564
234
8564
8564
204
8564
8564
1347
8564
513
670
8564
8564
234
8564
8564
204
8564
1347
513
4783
216
513
8564
8564
234
8564
8564
204
8564
8564
1347
513
8564
8564
234
8564
8564
204
8564
216
824
8564
513
630
8564
204
8564
670
8564
8564
8564
1347
234
8564
204
513
8564
8564
8564
216
513
670
8564
8564
765
234
8564
8564
8564
8564
8564
204
8564
8564
8564
8564
8564
8564
1347
513
8564
8564
765
234
8564
8564
8564
8564
8564
204
8564
8564
8564
670
513
8564
8564
8564
216
513
234
8564
204
8564
8564
8564
1347
765
8564
8564
8564
8564
8564
8564
824
8564
8564
198
8564
8564
8564
8564
8564
8564
198
8564
8564
8564
580
8564
8564
670
8564
8564
216
8564
216
513
513
8564
8564
8564
216
513
8564
8564
513
198
8564
8564
8564
204
8564
8564
8564
8564
8564
8564
8564
198
8564
204
8564
8564
564
513
670
8564
8564
513
8564
8564
8564
8564
8564
216
630
204
670
257
8564
8564
216
513
4783
216
8564
216
513
8564
8564
1156
1303
234
8564
8564
204
513
670
8564
8564
1156
1191
8564
8564
8564
204
513
8564
8564
8564
216
8564
8564
8564
1011
564
513
670
513
8564
8564
1156
1191
8564
8564
8564
204
765
8564
8564
8564
216
8564
8564
8564
8564
216
8564
513
8564
8564
8564
216
8564
1345
1345
8564
1345
1345
8564
1345
4783
824
198
8564
204
8564
8564
8564
198
204
513
8564
8564
216
513
8564
8564
513
513
8564
513
8564
8564
513
8564
8564
8564
216
8564
8564
513
8564
8564
8564
8564
8564
8564
8564
198
8564
8564
8564
8564
204
8564
513
8564
8564
8564
824
8564
216
8564
257
8564
1345
1345
1345
8564
1345
1345
1345
1345
1345
1345
1345
1345
1345
1345
1345
1345
1345
1345
1345
1345
1345
8564
1345
4783
8564
513
8564
513
8564
513
8564
513
8564
513
8564
513
8564
513
8564
513
8564
513
8564
513
8564
513
8564
513
8564
513
8564
513
8564
8564
216
8564
1347
8564
513
8564
8564
204
8564
8564
216
8564
8564
564
670
8564
8564
234
8564
204
513
8564
8564
198
8564
204
8564
8564
8564
824
8564
198
8564
204
8564
8564
198
8564
8564
204
8564
253
8564
564
564
8564
8564
8564
564
8564
8564
8564
8564
216
8564
513
670
8564
8564
513
670
8564
8564
8564
8564
198
8564
8564
8564
204
8564
8564
8564
8564
8564
513
8564
824
8564
198
204
756
204
198
204
8564
8564
8564
8564
8564
216
8564
8564
8564
8564
8564
8564
409
8564
8564
8564
675
670
8564
8564
670
8564
8564
216
8564
8564
8564
8564
8564
8564
8564
824
8564
513
8564
8564
394
204
8564
8564
216
513
8564
564
8564
8564
8564
824
8564
8564
216
8564
670
8564
8564
8564
8564
8564
8564
216
8564
253
670
8564
8564
412
8564
8564
204
824
8564
513
8564
394
204
8564
8564
8564
216
8564
8564
513
8564
8564
564
670
8564
8564
513
8564
8564
8564
8564
204
8564
257
8564
8564
513
8564
8564
513
8564
8564
8564
8564
8564
8564
670
8564
8564
4689
687
204
8564
8564
8564
8564
8564
8564
670
8564
8564
647
564
513
670
8564
8564
8564
234
204
8564
8564
8564
564
8564
8564
216
8564
8564
8564
8564
670
8564
8564
8564
8564
8564
8564
8564
216
8564
8564
8564
8564
216
8564
8564
8564
824
8564
216
4689
687
8564
204
8564
8564
8564
8564
8564
8564
216
8564
8564
8564
8564
8564
670
8564
8564
8564
8564
8564
8564
216
8564
8564
8564
8564
216
513
8564
564
8564
8564
8564
824
8564
8564
8564
8564
216
8564
8564
8564
198
204
8564
513
8564
8564
234
8564
204
8564
8564
216
513
8564
8564
8564
8564
216
8564
8564
513
8564
8564
513
8564
8564
8564
8564
8564
216
8564
1345
8564
4783
824
257
8564
1345
1345
1345
1345
1345
1345
1345
1345
1345
8564
1345
4783
824
513
8564
8564
8564
8564
8564
8564
8564
8564
8564
198
513
8564
204
513
8564
513
8564
513
8564
513
8564
513
8564
513
8564
513
8564
513
8564
513
513
513
8564
513
8564
513
513
513
8564
513
8564
513
513
513
8564
8564
216
8564
8564
824
8564
8564
8564
8564
8564
824
8564
8564
198
198
204
204
8564
8564
198
8564
8564
204
8564
8564
8564
8564
513
8564
8564
8564
8564
8564
8564
8564
8564
824
8564
8564
198
8564
8564
8564
204
8564
8564
824
216
8564
513
8564
8564
8564
198
8564
8564
204
513
8564
8564
8564
824
257
8564
204
8564
8564
8564
8564
8564
8564
8564
198
204
513
513
8564
8564
8564
8564
8564
8564
8564
198
8564
810
8564
8564
8564
8564
8564
8564
8564
198
8564
8564
204
8564
513
8564
412
8564
204
8564
8564
8564
8564
8564
198
8564
810
8564
8564
8564
8564
8564
8564
8564
198
8564
8564
204
8564
8564
8564
8564
8564
8564
8564
8564
216
8564
8564
8564
8564
198
8564
8564
204
8564
8564
513
8564
824
8564
8564
198
8564
8564
8564
204
8564
8564
8564
8564
216
8564
8564
216
8564
8564
8564
8564
8564
8564
216
8564
1345
8564
4783
513
8564
8564
8564
8564
198
204
513
8564
8564
8564
8564
8564
513
8564
8564
216
824
824
481
8564
8564
824
257
8564
1345
8564
4783
8564
8564
8564
8564
8564
198
204
8564
8564
8564
8564
8564
8564
8564
8564
8564
216
824
824
481
8564
1345
1345
1345
1345
1345
1345
1345
1345
1345
1345
8564
1345
4783
8564
513
513
513
513
513
8564
513
8564
198
8564
513
8564
513
8564
472
670
513
8564
513
8564
513
8564
8564
8564
8564
8564
216
513
8564
8564
513
8564
8564
8564
8564
216
8564
8564
8564
8564
8564
8564
8564
8564
8564
198
8564
810
8564
8564
8564
8564
8564
8564
8564
8564
198
204
513
513
513
513
8564
513
8564
513
8564
8564
8564
8564
216
8564
8564
8564
8564
8564
8564
8564
8564
216
8564
198
8564
204
8564
8564
513
8564
8564
8564
216
8564
8564
824
198
8564
204
8564
8564
198
8564
8564
8564
204
8564
8564
8564
8564
8564
8564
8564
198
8564
8564
204
8564
257
8564
1345
8564
4783
513
8564
8564
8564
8564
198
204
513
8564
8564
8564
8564
8564
513
8564
8564
216
824
824
481
8564
1345
1345
1345
1345
1345
8564
8564
1345
8564
4783
8564
198
8564
204
8564
8564
234
8564
8564
204
8564
824
547
198
8564
8564
8564
8564
8564
204
8564
858
198
8564
8564
204
8564
670
198
8564
8564
513
8564
8564
431
513
8564
8564
513
8564
8564
204
293
8564
234
8564
204
824
8564
216
8564
670
8564
8564
824
824
257
4972
8564
216
670
536
8564
8564
513
8564
8564
513
8564
8564
8564
8564
216
513
8564
8564
513
8564
8564
8564
8564
216
670
8564
8564
5012
670
8564
216
8564
1345
8564
4783
824
513
8564
8564
513
8564
8564
513
8564
8564
513
8564
8564
8564
8564
513
8564
8564
513
8564
8564
513
8564
8564
513
8564
8564
513
8564
8564
8564
8564
513
8564
8564
513
8564
8564
8564
8564
513
8564
8564
824
513
8564
8564
513
8564
8564
513
8564
8564
513
8564
8564
513
8564
8564
513
8564
8564
513
8564
8564
513
8564
8564
8564
8564
513
8564
8564
513
8564
8564
513
8564
8564
513
8564
8564
513
8564
8564
513
8564
8564
513
8564
8564
257
8564
1345
8564
1345
4783
513
8564
8564
198
204
8564
3634
216
513
8564
8564
198
204
8564
3634
216
513
8564
8564
198
204
8564
3634
216
8564
513
8564
8564
824
257
8564
1345
1345
8564
1345
4783
513
8564
8564
8564
8564
253
8564
824
8564
547
8564
756
513
8564
8564
8564
204
824
630
8564
204
513
8564
8564
8564
8564
198
8564
204
8564
513
8564
8564
8564
8564
198
204
8564
513
8564
8564
824
216
257
824
8564
8564
216
8564
1345
1345
1345
1345
1345
1345
8564
8564
1345
1345
1345
1345
1345
1345
8564
8564
1345
8564
1345
1345
1345
8564
8564
1345
8564
1345
1345
8564
1345
1345
1345
8564
8564
1345
1345
1345
1345
1345
1345
8564
1345
1345
1345
8564
8564
1345
4783
756
204
8564
824
513
8564
8564
8564
8564
634
198
8564
8564
204
8564
564
513
8564
8564
8564
216
8564
513
8564
8564
513
8564
8564
670
8564
8564
234
8564
204
8564
234
204
513
8564
8564
8564
8564
216
8564
513
8564
8564
547
198
8564
8564
204
8564
513
8564
8564
8564
8564
8564
8564
216
8564
756
8564
204
8564
513
8564
8564
513
8564
8564
513
8564
8564
8564
201
204
198
8564
204
8564
257
824
630
204
513
8564
8564
8564
8564
198
8564
204
513
8564
8564
234
8564
204
8564
8564
513
670
8564
8564
513
8564
8564
412
8564
204
8564
513
8564
8564
412
204
513
8564
8564
412
204
513
8564
8564
412
204
513
8564
8564
412
198
424
204
198
8564
204
513
8564
8564
216
513
8564
8564
547
198
204
513
8564
8564
8564
8564
8564
8564
8564
216
8564
8564
8564
8564
513
8564
8564
547
8564
8564
756
204
8564
513
8564
8564
425
204
675
4621
8564
204
198
8564
204
513
8564
8564
8564
216
513
513
8564
8564
630
8564
204
513
8564
8564
756
8564
8564
204
8564
513
8564
8564
513
8564
8564
8564
564
670
8564
8564
234
204
412
8564
198
424
8564
8564
756
424
8564
204
824
513
8564
8564
8564
8564
8564
8564
513
8564
8564
513
8564
8564
513
8564
8564
513
8564
8564
513
8564
8564
8564
8564
8564
216
513
8564
8564
253
513
8564
8564
8564
8564
216
8564
547
198
8564
204
8564
513
8564
8564
8564
8564
8564
8564
216
824
630
204
513
8564
8564
8564
8564
198
8564
204
513
8564
8564
756
8564
204
513
8564
8564
234
8564
204
513
8564
8564
234
8564
8564
204
425
204
198
8564
204
513
8564
8564
824
8564
216
513
8564
8564
8564
8564
201
8564
8564
204
824
425
8564
8564
204
824
198
8564
204
824
198
8564
204
8564
824
8564
216
513
8564
8564
756
8564
204
425
204
198
8564
204
513
8564
8564
824
8564
216
513
8564
8564
824
8564
8564
824
481
513
630
8564
204
8564
824
8564
513
630
8564
204
513
8564
8564
513
8564
8564
8564
8564
201
8564
8564
204
601
198
8564
8564
204
513
8564
8564
824
8564
513
8564
8564
824
630
204
513
8564
8564
8564
8564
198
8564
204
513
8564
8564
234
8564
204
8564
513
8564
8564
675
513
8564
8564
8564
216
8564
8564
8564
216
513
8564
8564
412
204
198
204
513
8564
8564
412
204
513
8564
8564
412
513
8564
204
8564
8564
8564
216
8564
8564
8564
547
513
8564
8564
8564
8564
198
204
513
8564
8564
216
513
8564
8564
513
8564
513
8564
513
8564
513
8564
513
8564
513
8564
513
8564
513
8564
513
8564
513
8564
513
8564
513
8564
513
8564
513
8564
513
8564
513
8564
8564
8564
8564
216
8564
8564
8564
765
8564
8564
858
198
8564
8564
216
425
8564
216
8564
8564
204
8564
8564
670
8564
8564
8564
8564
700
204
8564
670
756
8564
8564
204
8564
204
8564
765
885
885
773
756
756
8564
8564
216
8564
8564
8564
670
8564
8564
8564
513
8564
8564
513
8564
8564
8564
8564
8564
216
824
198
8564
204
513
8564
8564
824
198
204
8564
8564
234
204
513
8564
8564
8564
8564
198
8564
204
513
8564
8564
513
8564
8564
513
670
251
8564
204
513
8564
8564
8564
8564
8564
216
8564
8564
8564
670
8564
8564
8564
8564
670
8564
8564
670
8564
8564
216
824
513
8564
8564
513
8564
8564
8564
8564
216
8564
8564
8564
8564
8564
198
8564
204
8564
253
8564
8564
216
8564
547
198
8564
204
8564
8564
858
8564
670
8564
564
8564
564
8564
8564
216
425
8564
204
8564
670
8564
8564
8564
8564
8564
8564
8564
8564
8564
198
204
8564
8564
8564
8564
8564
8564
8564
700
204
8564
8564
394
204
8564
670
8564
670
8564
8564
216
8564
8564
8564
8564
198
8564
204
8564
412
8564
204
8564
253
8564
8564
216
8564
724
234
8564
204
8564
858
198
204
8564
8564
8564
216
8564
8564
765
8564
8564
216
8564
8564
8564
198
8564
8564
204
8564
8564
8564
216
8564
8564
253
8564
513
8564
8564
8564
8564
513
8564
8564
513
8564
8564
8564
216
8564
824
513
8564
8564
8564
824
824
8564
216
8564
8564
8564
198
204
8564
216
513
8564
8564
8564
724
234
8564
8564
513
8564
8564
513
8564
8564
8564
8564
204
8564
8564
564
670
8564
8564
8564
8564
8564
8564
824
513
8564
8564
8564
8564
198
8564
204
513
8564
8564
8564
8564
8564
824
198
204
513
8564
8564
756
204
8564
670
513
8564
8564
8564
8564
216
8564
513
8564
8564
824
8564
216
8564
756
204
513
8564
8564
8564
8564
513
8564
8564
513
8564
8564
8564
216
513
8564
8564
216
513
8564
8564
513
8564
8564
253
8564
513
8564
8564
8564
216
513
8564
8564
8564
8564
756
204
513
8564
8564
8564
8564
547
198
204
513
8564
8564
8564
8564
216
8564
8564
513
8564
8564
253
8564
513
8564
8564
8564
513
8564
8564
824
630
8564
204
513
8564
8564
8564
8564
198
8564
8564
204
513
8564
8564
234
8564
204
513
8564
8564
675
513
8564
8564
8564
216
513
8564
8564
8564
8564
8564
8564
8564
8564
564
253
670
8564
8564
8564
234
8564
204
8564
8564
8564
8564
564
670
8564
8564
564
670
8564
8564
8564
216
513
8564
8564
858
879
8564
513
8564
8564
8564
8564
216
513
8564
8564
216
513
8564
8564
234
8564
204
513
8564
8564
234
8564
204
513
8564
8564
234
8564
204
513
8564
8564
8564
8564
216
8564
513
8564
8564
513
8564
8564
513
670
394
204
513
8564
513
8564
8564
513
8564
8564
513
8564
8564
824
8564
216
824
630
204
513
8564
8564
8564
8564
198
8564
204
8564
234
204
513
8564
8564
234
204
756
204
513
8564
8564
216
670
8564
412
513
8564
513
8564
8564
670
8564
8564
8564
8564
8564
204
8564
8564
8564
513
8564
412
513
8564
8564
670
8564
8564
8564
8564
8564
204
513
513
8564
8564
8564
513
8564
8564
513
8564
8564
824
8564
216
513
8564
8564
216
8564
513
8564
8564
513
8564
8564
675
670
8564
8564
8564
216
824
198
8564
204
513
8564
8564
8564
216
8564
756
8564
204
824
216
8564
216
513
630
8564
204
513
8564
8564
513
8564
8564
513
8564
8564
513
8564
8564
513
8564
8564
513
8564
8564
513
8564
8564
513
8564
8564
216
8564
8564
216
8564
824
8564
198
513
670
8564
8564
8564
8564
8564
204
8564
8564
8564
198
8564
8564
204
824
198
8564
8564
204
670
8564
8564
8564
216
513
8564
8564
513
8564
8564
513
8564
8564
513
8564
8564
513
8564
8564
513
8564
8564
513
8564
8564
513
8564
8564
8564
216
824
513
8564
8564
8564
216
8564
216
8564
513
8564
8564
513
8564
670
8564
8564
8564
216
824
216
513
670
8564
824
513
8564
8564
8564
8564
8564
8564
216
670
8564
8564
8564
8564
216
8564
1345
8564
8564
1345
8564
1345
8564
4783
756
204
513
8564
8564
216
824
824
513
8564
8564
198
204
8564
3634
216
513
8564
8564
513
8564
8564
8564
513
8564
8564
8564
513
8564
8564
8564
513
8564
8564
513
8564
8564
394
204
824
513
8564
8564
756
8564
204
8564
513
8564
8564
8564
8564
513
8564
8564
824
824
824
8564
216
8564
513
8564
8564
8564
824
513
8564
8564
8564
8564
513
8564
8564
8564
8564
547
8564
198
8564
612
257
824
513
8564
8564
756
8564
8564
204
8564
8564
412
204
513
8564
8564
8564
8564
8564
4972
513
8564
8564
8564
216
8564
513
8564
8564
513
8564
8564
8564
8564
824
8564
8564
216
513
8564
8564
513
8564
8564
8564
216
8564
1345
1345
1345
8564
1345
1345
1345
1345
8564
8564
1345
4783
513
8564
8564
8564
8564
253
8564
824
756
204
513
8564
8564
513
8564
8564
198
810
513
8564
8564
824
824
198
8564
204
8564
8564
198
8564
8564
204
8564
513
564
670
8564
8564
198
8564
8564
8564
204
8564
513
8564
8564
824
8564
513
8564
8564
756
8564
8564
204
8564
564
670
8564
8564
8564
8564
670
8564
8564
513
412
8564
8564
204
564
8564
216
8564
513
8564
8564
8564
8564
198
204
8564
8564
513
8564
8564
670
8564
8564
8564
8564
8564
216
8564
8564
8564
513
8564
8564
513
8564
513
8564
8564
824
513
8564
8564
513
8564
8564
824
513
8564
8564
513
8564
8564
8564
8564
513
8564
8564
949
253
513
8564
8564
8564
513
8564
8564
8564
8564
513
8564
8564
513
8564
8564
8564
8564
513
8564
8564
513
8564
8564
8564
8564
824
824
513
8564
8564
8564
8564
547
198
8564
8564
204
513
8564
513
8564
216
8564
824
8564
8564
8564
824
198
756
8564
8564
8564
204
8564
8564
824
8564
216
8564
257
513
8564
8564
253
8564
216
513
8564
8564
8564
8564
8564
4972
824
513
8564
8564
8564
8564
8564
5012
8564
8564
8564
670
8564
8564
8564
8564
216
8564
824
257
8564
824
257
8564
1345
8564
4783
824
824
756
204
481
824
257
8564
1345
1345
1345
8564
1345
1345
8564
4783
8564
8564
885
773
756
756
8564
8564
513
8564
8564
8564
8564
394
204
513
513
8564
8564
496
8564
8564
204
8564
8564
216
8564
564
394
8564
204
513
8564
8564
8564
216
8564
8564
513
8564
8564
824
8564
8564
8564
824
513
8564
8564
513
8564
8564
824
8564
8564
8564
824
8564
513
8564
8564
8564
8564
8564
765
670
8564
8564
513
8564
8564
670
8564
8564
8564
8564
8564
670
8564
8564
513
8564
8564
670
8564
8564
8564
8564
8564
216
8564
257
513
8564
8564
496
8564
204
8564
8564
8564
8564
204
8564
1345
8564
4783
824
8564
8564
8564
513
8564
8564
198
204
513
8564
8564
257
513
8564
8564
513
8564
8564
513
8564
8564
8564
513
8564
8564
824
513
8564
8564
8564
8564
8564
513
8564
8564
513
8564
8564
824
513
8564
8564
8564
824
513
8564
8564
8564
824
513
8564
8564
513
8564
8564
8564
513
8564
8564
513
8564
8564
513
8564
8564
8564
8564
8564
8564
257
8564
1345
8564
8564
8564
8564
8564
4783
824
513
8564
8564
8564
8564
675
670
8564
8564
513
8564
8564
675
670
8564
8564
513
8564
8564
257
8564
1345
8564
4783
425
204
425
547
198
424
204
4783
257
198
204
756
513
630
424
204
481
8564
1345
1345
8564
8564
1345
4783
756
204
8564
513
8564
8564
8564
513
8564
513
8564
8564
216
8564
8564
8564
513
8564
8564
412
8564
8564
204
513
8564
8564
8564
8564
670
8564
257
8564
1345
1345
1345
1345
1345
8564
8564
8564
8564
4783
858
564
8564
412
8564
204
431
675
1191
253
198
8564
8564
204
8564
257
675
198
8564
8564
204
234
8564
204
8564
198
8564
8564
204
234
8564
204
8564
675
8564
8564
8564
216
8564
198
8564
204
513
8564
8564
8564
8564
8564
8564
257
824
675
8564
8564
8564
216
824
8564
216
8564
1345
1345
8564
756
8564
204
8564
513
824
412
8564
8564
204
824
257
8564
1345
1345
1345
1345
1345
1345
1345
1345
1345
1345
1345
1345
1345
1345
1345
1345
1345
1345
1345
1345
1345
1345
8564
8564
8564
1345
1345
4783
496
8564
204
8564
257
824
198
204
513
8564
8564
8564
8564
198
204
765
257
8564
8564
198
198
8564
424
204
513
8564
8564
412
204
425
496
8564
8564
204
513
8564
8564
198
8564
204
8564
8564
8564
198
8564
8564
204
513
8564
8564
513
8564
8564
670
4783
670
8564
216
756
8564
204
513
8564
513
8564
513
8564
8564
513
8564
513
8564
513
8564
513
8564
8564
216
8564
8564
216
8564
670
765
8564
8564
216
8564
8564
8564
496
8564
8564
8564
8564
8564
204
8564
8564
8564
8564
8564
8564
198
670
204
8564
8564
4637
8564
204
8564
8564
8564
8564
8564
631
204
198
8564
8564
204
8564
8564
8564
8564
216
8564
8564
765
513
8564
8564
496
8564
8564
8564
204
8564
513
8564
8564
513
8564
8564
513
513
8564
8564
513
513
8564
8564
513
8564
8564
513
8564
513
8564
513
8564
513
8564
8564
8564
8564
216
8564
8564
8564
8564
8564
8564
198
8564
670
204
8564
8564
4637
204
1011
8564
8564
8564
216
8564
8564
425
204
425
547
198
424
8564
204
8564
8564
756
757
8564
216
670
765
8564
670
8564
8564
8564
216
8564
8564
8564
8564
496
8564
8564
8564
8564
8564
8564
204
8564
8564
8564
765
670
257
198
204
756
513
630
424
8564
204
8564
8564
8564
8564
8564
8564
8564
631
204
198
204
8564
8564
8564
8564
216
8564
8564
8564
216
8564
513
513
513
8564
8564
513
8564
8564
8564
8564
8564
216
513
513
8564
8564
8564
216
513
8564
8564
8564
8564
8564
198
8564
8564
204
513
8564
8564
513
8564
8564
670
8564
216
8564
824
257
8564
1345
1345
1345
1345
1345
1345
1345
8564
1345
1345
1345
1345
1345
1345
1345
1345
1345
1345
1345
1345
1345
1345
1345
8564
8564
8564
8564
1345
4783
513
8564
8564
8564
8564
412
858
634
8564
204
513
8564
8564
8564
8564
198
8564
204
8564
824
513
8564
8564
513
8564
8564
8564
8564
513
8564
8564
198
204
8564
756
204
513
8564
8564
8564
8564
198
204
513
8564
8564
513
8564
8564
513
8564
8564
8564
201
204
8564
8564
8564
8564
216
8564
8564
513
8564
824
513
8564
8564
8564
8564
8564
756
204
496
8564
8564
204
8564
8564
513
8564
8564
513
8564
8564
8564
824
8564
8564
8564
513
564
670
8564
216
8564
8564
8564
513
412
8564
8564
204
513
8564
8564
513
8564
8564
8564
513
8564
8564
513
8564
8564
513
8564
8564
513
8564
8564
513
8564
8564
513
8564
8564
513
8564
8564
513
8564
8564
513
8564
8564
513
8564
8564
513
8564
8564
513
8564
8564
513
8564
513
8564
513
8564
8564
8564
216
234
204
8564
756
204
8564
8564
8564
198
204
8564
513
8564
8564
8564
513
8564
8564
216
8564
8564
8564
8564
198
8564
8564
8564
204
8564
394
204
8564
8564
8564
216
8564
513
680
8564
394
204
8564
564
670
8564
8564
198
8564
204
8564
198
8564
8564
8564
204
8564
412
612
8564
8564
8564
216
8564
8564
513
198
8564
8564
8564
204
8564
8564
8564
216
8564
8564
8564
234
8564
204
8564
198
8564
204
234
204
8564
425
204
8564
8564
8564
513
8564
513
8564
513
8564
8564
8564
216
513
8564
8564
513
8564
8564
8564
8564
8564
216
949
188
188
1137
641
188
2092
194
513
564
513
8564
8564
216
8564
8564
8564
198
8564
204
8564
8564
8564
765
8564
8564
8564
824
8564
765
198
8564
8564
204
8564
8564
216
8564
670
8564
8564
670
8564
8564
513
412
8564
8564
204
670
670
8564
8564
216
8564
8564
8564
198
204
8564
670
8564
216
513
8564
8564
216
8564
513
198
8564
8564
8564
8564
204
8564
8564
8564
8564
8564
8564
765
885
885
773
756
198
756
8564
8564
8564
424
8564
810
8564
513
8564
8564
198
204
8564
8564
216
513
8564
8564
198
204
8564
8564
8564
216
513
8564
8564
198
204
8564
8564
8564
216
513
8564
8564
198
204
8564
8564
8564
216
8564
513
8564
8564
412
8564
204
8564
824
8564
216
8564
8564
257
8564
198
204
8564
8564
765
8564
198
564
670
8564
8564
8564
204
8564
198
8564
8564
8564
810
8564
216
8564
513
412
204
8564
8564
879
8564
670
8564
8564
8564
216
8564
765
8564
496
8564
8564
8564
8564
204
8564
8564
8564
756
204
8564
8564
8564
198
204
8564
8564
670
765
765
8564
8564
8564
8564
8564
216
8564
8564
8564
8564
8564
670
8564
8564
216
8564
670
8564
8564
8564
8564
670
8564
216
513
8564
8564
513
8564
8564
824
216
756
8564
8564
204
252
827
2383
194
949
431
564
431
8564
8564
216
513
8564
8564
8564
8564
198
204
513
8564
8564
513
8564
8564
8564
8564
412
204
513
8564
8564
8564
8564
198
204
513
8564
8564
8564
8564
8564
8564
216
8564
8564
8564
4972
824
670
8564
8564
8564
8564
5012
216
513
8564
8564
8564
8564
198
204
513
8564
8564
8564
8564
8564
8564
216
8564
8564
8564
216
8564
8564
8564
8564
8564
824
8564
8564
8564
564
8564
8564
8564
8564
216
8564
8564
8564
8564
8564
8564
756
757
496
8564
8564
204
513
8564
8564
412
204
513
8564
8564
198
204
8564
8564
216
513
8564
8564
198
204
8564
8564
216
513
8564
8564
198
204
8564
8564
216
513
8564
8564
198
204
8564
8564
216
8564
513
8564
8564
8564
824
8564
8564
8564
513
8564
8564
8564
513
8564
8564
8564
216
513
8564
8564
8564
8564
198
204
513
8564
8564
8564
8564
8564
8564
216
513
8564
8564
216
513
8564
8564
216
513
8564
8564
216
513
8564
824
8564
8564
8564
8564
8564
8564
216
8564
1345
1345
1345
1345
1345
1345
8564
8564
1345
1345
1345
1345
1345
1345
1345
1345
1345
1345
8564
1345
1345
1345
1345
1345
8564
8564
8564
1345
4783
824
513
8564
8564
8564
8564
198
412
8564
8564
204
8564
257
8564
756
204
513
8564
8564
8564
8564
198
8564
204
513
8564
8564
412
204
496
204
513
8564
8564
198
204
8564
8564
8564
198
204
513
8564
8564
8564
513
8564
8564
8564
216
8564
513
8564
8564
513
8564
8564
198
757
513
8564
8564
8564
8564
8564
513
8564
8564
513
8564
8564
771
204
8564
8564
8564
513
8564
8564
564
513
670
8564
8564
670
8564
765
251
8564
513
8564
8564
810
8564
216
8564
198
8564
8564
204
8564
8564
8564
496
8564
204
513
8564
8564
670
394
8564
204
513
8564
8564
8564
8564
513
8564
8564
394
8564
8564
204
513
8564
8564
8564
8564
513
8564
8564
412
8564
8564
8564
204
513
8564
8564
8564
513
8564
8564
496
394
424
8564
8564
204
513
8564
8564
513
8564
8564
564
670
8564
8564
765
765
496
8564
8564
8564
204
8564
513
8564
8564
765
513
8564
8564
8564
8564
216
8564
8564
412
8564
204
513
8564
8564
8564
8564
198
8564
8564
204
513
8564
198
8564
8564
8564
204
8564
8564
8564
513
8564
8564
8564
8564
8564
8564
216
8564
8564
824
8564
8564
8564
425
8564
8564
8564
8564
204
8564
8564
8564
496
8564
204
8564
765
513
8564
8564
824
8564
216
8564
513
8564
8564
8564
8564
8564
216
8564
204
8564
513
8564
8564
8564
8564
8564
8564
216
8564
198
204
513
8564
8564
8564
216
8564
513
8564
8564
765
513
8564
8564
8564
8564
8564
8564
8564
8564
8564
216
8564
8564
8564
8564
513
8564
765
394
8564
8564
204
513
8564
8564
8564
8564
198
204
8564
513
8564
8564
8564
8564
412
8564
8564
204
394
8564
8564
8564
8564
8564
8564
204
8564
513
8564
8564
756
204
513
8564
8564
8564
8564
198
8564
204
8564
513
8564
8564
8564
8564
8564
198
204
513
8564
8564
513
513
8564
8564
513
8564
8564
513
8564
8564
824
412
8564
8564
8564
204
8564
8564
8564
8564
513
8564
8564
8564
824
412
8564
8564
8564
204
8564
8564
204
513
8564
8564
8564
8564
8564
198
8564
204
513
8564
8564
513
8564
8564
8564
216
824
513
8564
8564
8564
8564
8564
216
8564
513
8564
8564
670
513
8564
8564
8564
216
824
824
8564
216
8564
824
257
8564
1345
1345
1345
1345
8564
4783
513
8564
8564
198
204
8564
3634
216
513
8564
8564
198
204
8564
3634
216
198
8564
8564
513
8564
8564
513
8564
8564
513
8564
8564
513
8564
8564
513
8564
8564
8564
204
8564
8564
234
8564
204
8564
201
204
8564
513
8564
8564
8564
824
8564
8564
824
198
8564
8564
204
8564
4972
8564
216
8564
8564
513
8564
8564
8564
216
8564
257
824
198
8564
8564
8564
204
8564
4972
8564
216
8564
8564
8564
8564
216
8564
1345
8564
4783
824
513
8564
8564
8564
8564
257
8564
8564
513
8564
8564
8564
8564
198
8564
204
513
8564
8564
216
513
257
8564
8564
8564
8564
8564
8564
8564
198
204
8564
8564
216
8564
8564
8564
513
8564
8564
8564
8564
8564
8564
8564
8564
8564
8564
198
8564
8564
8564
8564
8564
8564
8564
204
513
8564
8564
8564
8564
216
8564
8564
8564
481
8564
1345
1345
1345
1345
1345
1345
8564
1345
4783
8564
8564
8564
8564
8564
8564
4972
824
8564
8564
8564
198
8564
204
8564
8564
8564
8564
8564
8564
8564
8564
5012
8564
8564
8564
8564
8564
8564
5012
8564
8564
8564
8564
201
810
8564
4972
824
630
204
8564
8564
8564
8564
8564
198
204
8564
8564
8564
8564
8564
216
8564
8564
8564
8564
8564
8564
8564
8564
198
8564
8564
8564
612
8564
8564
670
949
188
188
1137
641
188
2092
194
8564
8564
756
204
2095
194
198
204
8564
8564
8564
216
8564
8564
8564
8564
513
8564
8564
8564
513
8564
8564
216
8564
8564
8564
513
564
670
8564
8564
670
394
8564
8564
8564
8564
204
8564
8564
8564
670
8564
8564
513
8564
8564
8564
8564
8564
8564
8564
8564
8564
8564
8564
8564
481
198
8564
8564
8564
204
8564
513
8564
8564
8564
8564
216
8564
8564
8564
8564
8564
8564
216
824
216
8564
8564
216
8564
1345
1345
3722
8564
4783
8564
8564
8564
8564
8564
198
8564
204
8564
8564
234
8564
8564
8564
204
8564
8564
513
8564
8564
8564
234
8564
8564
8564
204
824
513
8564
8564
513
8564
481
8564
1345
1345
1345
1345
8564
1345
4783
513
8564
8564
8564
8564
412
8564
204
513
8564
8564
8564
8564
394
8564
204
8564
765
756
204
513
8564
8564
8564
513
8564
513
8564
8564
216
8564
8564
8564
513
8564
8564
412
8564
8564
204
824
513
8564
8564
8564
8564
216
513
8564
8564
513
8564
8564
8564
8564
8564
216
8564
257
513
8564
8564
8564
8564
198
204
8564
8564
234
198
424
204
513
8564
8564
513
8564
8564
513
8564
8564
513
8564
8564
824
513
8564
8564
425
8564
204
8564
8564
536
8564
8564
8564
824
8564
394
8564
204
8564
1345
1345
1345
1345
1345
1345
1345
1345
1345
1345
8564
1345
4783
547
198
204
513
8564
8564
8564
8564
198
204
513
8564
8564
8564
8564
8564
216
8564
8564
8564
8564
8564
8564
513
8564
8564
513
8564
8564
8564
8564
8564
8564
257
425
204
675
4621
8564
198
424
204
513
8564
8564
513
8564
8564
8564
8564
8564
8564
8564
8564
216
513
8564
8564
513
547
8564
8564
8564
8564
8564
425
8564
8564
8564
204
198
8564
8564
8564
204
513
8564
8564
8564
8564
8564
8564
8564
216
8564
8564
8564
8564
8564
8564
253
8564
564
253
670
8564
8564
724
234
8564
8564
8564
204
8564
8564
8564
564
670
8564
8564
8564
8564
8564
216
513
8564
8564
8564
8564
8564
216
8564
8564
8564
198
8564
8564
8564
8564
204
513
8564
8564
8564
536
8564
8564
8564
8564
8564
216
8564
1345
8564
4783
675
4637
204
234
204
756
198
424
204
481
8564
8564
8564
8564
253
257
513
8564
8564
8564
8564
198
472
257
253
879
670
257
8564
1345
8564
4783
824
513
8564
8564
513
513
8564
8564
8564
8564
198
810
513
8564
8564
8564
8564
481
8564
8564
513
513
8564
8564
8564
513
8564
8564
513
8564
8564
8564
513
8564
8564
513
8564
8564
8564
513
8564
8564
513
8564
8564
8564
513
8564
8564
513
8564
8564
8564
513
8564
8564
513
8564
8564
8564
513
8564
8564
513
8564
8564
8564
513
8564
8564
513
8564
8564
8564
513
8564
8564
513
8564
8564
8564
513
8564
8564
257
8564
8564
257
8564
1345
1345
8564
1345
8564
1345
1345
4783
513
8564
8564
198
513
8564
8564
204
8564
8564
8564
8564
8564
8564
8564
513
394
204
8564
513
8564
8564
198
204
513
8564
8564
412
8564
204
198
204
513
8564
8564
8564
216
513
8564
8564
198
204
513
8564
8564
8564
216
8564
8564
216
8564
513
8564
8564
8564
8564
8564
513
513
8564
8564
513
513
8564
8564
513
513
8564
8564
824
198
8564
513
8564
8564
8564
204
8564
8564
8564
216
8564
513
8564
8564
481
513
8564
824
8564
8564
513
8564
8564
216
824
513
8564
8564
513
8564
8564
216
8564
824
8564
8564
216
8564
1345
8564
4783
513
8564
8564
198
204
8564
3634
216
513
8564
8564
198
204
8564
3634
216
513
8564
8564
198
204
8564
3634
216
513
8564
8564
8564
8564
513
8564
8564
8564
8564
513
8564
8564
8564
513
8564
8564
513
8564
8564
8564
8564
513
8564
8564
8564
513
8564
8564
513
8564
8564
8564
513
8564
8564
513
8564
8564
8564
513
8564
8564
513
8564
8564
8564
513
8564
8564
513
8564
8564
8564
513
8564
8564
257
8564
1345
1345
8564
4783
8564
8564
8564
8564
8564
824
824
198
8564
8564
8564
8564
8564
8564
8564
204
8564
4972
8564
216
8564
8564
8564
8564
824
8564
824
257
8564
1345
8564
4783
513
8564
8564
8564
8564
8564
8564
201
204
824
257
824
257
8564
1345
8564
4783
513
8564
8564
8564
8564
513
8564
8564
8564
8564
513
8564
8564
198
204
824
8564
216
481
8564
1345
1345
1345
1345
1345
8564
1345
4783
824
513
8564
8564
8564
8564
198
204
8564
8564
201
204
8564
513
8564
4972
824
198
8564
204
670
513
8564
8564
8564
8564
8564
216
8564
8564
513
8564
8564
513
8564
8564
513
513
8564
8564
257
8564
5012
216
8564
234
204
8564
824
198
8564
8564
8564
204
8564
8564
8564
5012
513
8564
8564
8564
216
824
8564
8564
8564
216
8564
8564
8564
670
8564
8564
670
8564
8564
8564
216
8564
1345
1345
1345
8564
1345
4783
824
756
204
8564
513
8564
8564
8564
513
8564
513
8564
8564
216
8564
8564
8564
513
8564
8564
412
8564
8564
204
8564
824
513
8564
8564
513
8564
8564
513
8564
8564
8564
8564
8564
198
8564
513
8564
670
8564
8564
8564
8564
204
8564
8564
8564
513
412
8564
513
8564
670
8564
8564
8564
8564
204
513
8564
8564
8564
8564
513
8564
257
824
216
8564
1345
1345
8564
4783
8564
8564
8564
8564
8564
198
204
824
8564
216
8564
257
198
8564
204
824
257
8564
1345
1345
1345
1345
1345
1345
1345
1345
1345
1345
1345
8564
8564
8564
8564
1345
8564
8564
1345
1345
1345
1345
1345
1345
1345
1345
1345
1345
1345
8564
1345
1345
1345
8564
1345
1345
1345
1345
8564
8564
1345
1345
1345
1345
1345
1345
1345
1345
1345
8564
8564
1345
1345
1345
1345
1345
1345
1345
3722
1345
1345
1345
8564
8564
8564
8564
3722
8564
8564
3722
1345
8564
8564
1345
1345
1345
1345
1345
1345
1345
1345
8564
1345
1345
1345
1345
1345
1345
8564
8564
8564
3722
1345
8564
8564
1345
1345
1345
1345
8564
1345
1345
1345
1345
1345
1345
1345
8564
1345
1345
1345
1345
1345
1345
1345
1345
1345
1345
1345
1345
1345
1345
1345
1345
1345
8564
1345
1345
1345
8564
8564
1345
1345
1345
1345
1345
8564
8564
8564
8564
1345
1345
1345
1345
1345
1345
1345
1345
1345
1345
1345
8564
8564
1345
1345
3722
8564
8564
8564
1345
1345
8564
8564
8564
8564
8564
1345
1345
1345
1345
1345
1345
1345
1345
1345
1345
1345
1345
1345
1345
1345
1345
1345
1345
1345
1345
1345
1345
1345
1345
1345
1345
1345
1345
1345
1345
1345
1345
1345
8564
1345
1345
1345
1345
1345
1345
1345
1345
1345
1345
1345
8564
1345
1345
1345
1345
1345
1345
1345
8564
8564
8564
1345
1345
1345
1345
4783
8564
8564
8564
824
756
204
513
8564
8564
8564
8564
198
8564
204
513
8564
8564
513
8564
8564
8564
8564
8564
8564
412
8564
204
513
8564
8564
198
204
513
8564
8564
216
8564
8564
513
8564
8564
756
8564
204
8564
8564
234
8564
204
670
8564
216
8564
8564
234
8564
8564
204
8564
513
412
8564
8564
204
8564
513
8564
8564
756
204
8564
670
8564
8564
234
8564
8564
204
8564
8564
234
8564
204
8564
513
412
8564
204
765
824
513
8564
8564
8564
513
8564
8564
513
8564
8564
496
8564
8564
8564
8564
8564
204
8564
8564
8564
756
8564
8564
204
824
513
8564
8564
756
8564
8564
8564
204
513
8564
8564
513
8564
8564
8564
8564
8564
8564
8564
216
8564
8564
8564
8564
8564
8564
198
8564
8564
8564
204
8564
8564
8564
513
8564
8564
8564
8564
670
8564
8564
8564
216
8564
8564
513
8564
8564
513
8564
8564
394
8564
8564
8564
8564
8564
8564
204
8564
8564
8564
513
8564
8564
765
8564
765
513
8564
8564
8564
8564
8564
216
8564
8564
8564
8564
765
8564
756
8564
8564
204
513
8564
8564
8564
8564
8564
8564
8564
216
8564
8564
8564
198
8564
8564
204
8564
8564
198
8564
204
513
8564
8564
198
204
513
8564
8564
8564
8564
198
8564
204
513
8564
8564
513
8564
8564
8564
8564
8564
8564
394
8564
204
513
8564
8564
8564
8564
198
204
513
8564
8564
513
8564
8564
394
204
513
8564
8564
824
8564
216
8564
257
513
8564
8564
513
8564
8564
8564
8564
8564
8564
198
204
513
8564
8564
412
204
513
8564
8564
8564
8564
8564
8564
216
8564
8564
412
8564
8564
204
513
8564
8564
8564
8564
198
204
513
8564
8564
8564
8564
198
8564
204
513
8564
8564
8564
8564
513
412
8564
204
8564
8564
204
513
8564
8564
8564
8564
198
8564
204
8564
8564
8564
513
8564
8564
496
204
513
8564
8564
564
670
8564
8564
756
204
824
216
8564
8564
8564
631
8564
204
198
8564
204
824
756
757
8564
216
8564
8564
8564
8564
8564
631
8564
8564
204
198
8564
8564
204
824
756
757
8564
8564
216
8564
8564
513
8564
8564
394
8564
8564
204
513
8564
513
8564
513
8564
513
8564
513
8564
513
8564
513
8564
513
8564
513
8564
8564
8564
216
8564
8564
8564
8564
216
8564
8564
496
8564
8564
204
8564
8564
8564
8564
8564
670
8564
8564
8564
8564
631
204
198
8564
8564
204
8564
425
204
425
547
198
424
8564
8564
204
8564
8564
8564
8564
756
757
8564
8564
216
8564
8564
670
670
8564
394
8564
8564
8564
8564
204
8564
8564
513
8564
8564
513
8564
8564
513
8564
8564
394
8564
8564
204
513
8564
513
8564
513
8564
513
8564
513
8564
513
8564
513
8564
513
8564
513
8564
513
8564
8564
8564
216
8564
8564
8564
8564
216
8564
8564
394
8564
8564
204
8564
8564
8564
8564
8564
670
8564
8564
8564
8564
631
204
198
8564
8564
204
8564
425
204
425
547
198
424
8564
8564
204
8564
8564
8564
8564
756
757
8564
8564
216
8564
8564
670
670
8564
394
8564
8564
8564
8564
204
8564
8564
198
8564
8564
204
8564
8564
824
513
8564
8564
8564
8564
513
8564
8564
8564
8564
513
8564
412
8564
8564
394
424
204
198
198
424
204
412
204
513
8564
513
8564
513
8564
513
8564
513
8564
8564
8564
8564
8564
8564
8564
216
513
8564
8564
670
513
8564
8564
8564
513
8564
513
8564
8564
513
8564
8564
8564
8564
670
8564
8564
8564
8564
513
8564
513
8564
8564
670
8564
8564
670
8564
8564
8564
8564
8564
8564
8564
8564
216
8564
8564
8564
8564
8564
8564
8564
8564
8564
8564
8564
8564
8564
513
8564
8564
8564
8564
8564
8564
8564
513
8564
8564
765
8564
670
8564
198
204
513
513
8564
8564
513
496
204
513
8564
8564
8564
8564
513
496
204
8564
8564
8564
513
8564
8564
8564
564
670
8564
8564
670
8564
513
496
8564
204
8564
8564
513
394
204
8564
564
670
8564
8564
670
8564
513
496
8564
204
513
8564
8564
198
8564
8564
204
513
8564
8564
198
204
513
8564
8564
8564
8564
513
8564
8564
765
885
885
773
756
198
756
513
8564
8564
8564
424
513
8564
8564
810
765
8564
8564
216
204
513
8564
8564
8564
8564
198
8564
8564
204
513
8564
8564
513
8564
8564
765
885
885
773
756
198
756
8564
424
810
513
8564
8564
8564
513
8564
8564
513
8564
8564
513
8564
8564
8564
198
8564
8564
8564
204
8564
513
8564
8564
8564
513
8564
8564
8564
8564
198
8564
8564
8564
204
670
513
8564
8564
670
8564
670
513
8564
8564
513
8564
8564
8564
8564
216
8564
8564
8564
8564
765
8564
394
8564
8564
765
204
8564
513
8564
8564
8564
8564
8564
216
8564
8564
8564
8564
8564
8564
234
8564
8564
8564
204
513
8564
8564
8564
8564
216
8564
8564
8564
8564
8564
765
8564
216
8564
8564
234
8564
204
8564
513
670
394
204
412
580
513
8564
8564
8564
8564
216
8564
8564
513
8564
8564
8564
496
8564
8564
204
513
8564
8564
8564
8564
8564
8564
216
8564
8564
513
8564
8564
8564
8564
234
8564
8564
8564
8564
204
8564
513
8564
8564
765
513
8564
8564
8564
216
8564
8564
234
8564
204
8564
513
670
394
204
8564
412
612
547
653
8564
8564
8564
8564
216
8564
8564
8564
8564
675
513
8564
8564
956
234
647
547
653
513
8564
8564
8564
8564
204
513
8564
8564
756
204
513
8564
8564
8564
8564
8564
8564
198
8564
204
513
8564
8564
8564
8564
198
8564
204
513
8564
513
8564
513
8564
513
8564
8564
8564
8564
8564
216
8564
8564
8564
8564
8564
513
8564
8564
765
8564
8564
824
513
8564
8564
8564
670
8564
8564
8564
765
8564
8564
8564
824
8564
670
513
8564
8564
670
513
8564
8564
8564
771
8564
8564
8564
204
670
513
8564
8564
771
8564
8564
8564
204
513
513
8564
8564
513
8564
8564
513
8564
8564
513
8564
8564
8564
513
8564
8564
513
8564
8564
8564
8564
513
8564
8564
513
8564
513
8564
513
8564
513
8564
513
8564
513
8564
8564
8564
8564
216
8564
8564
8564
8564
8564
700
8564
8564
8564
204
8564
8564
234
8564
8564
599
8564
8564
8564
8564
8564
824
670
8564
670
8564
8564
8564
8564
8564
824
670
8564
8564
670
8564
8564
771
8564
8564
8564
204
8564
771
8564
8564
8564
8564
204
8564
8564
8564
8564
8564
8564
8564
513
8564
8564
8564
765
8564
8564
513
8564
8564
8564
8564
765
8564
8564
8564
8564
8564
8564
8564
824
198
8564
8564
8564
8564
8564
8564
8564
204
8564
8564
8564
8564
8564
8564
8564
8564
8564
8564
8564
8564
216
8564
8564
8564
8564
8564
198
204
513
8564
8564
8564
8564
216
8564
8564
8564
8564
8564
8564
8564
216
8564
8564
8564
513
8564
8564
198
8564
204
513
8564
8564
513
8564
8564
513
8564
8564
8564
8564
198
204
513
8564
8564
824
513
8564
8564
8564
198
513
8564
8564
8564
204
513
8564
8564
8564
8564
198
204
8564
198
8564
204
513
8564
8564
8564
216
8564
198
513
8564
8564
8564
8564
204
670
513
8564
8564
8564
216
513
8564
8564
513
8564
8564
765
885
885
773
756
198
756
8564
424
810
513
8564
8564
513
8564
8564
513
8564
8564
765
513
8564
8564
513
8564
8564
8564
765
513
8564
8564
216
513
8564
8564
756
204
513
8564
8564
8564
8564
234
204
8564
8564
8564
700
8564
513
8564
8564
204
513
8564
8564
8564
8564
8564
8564
700
8564
204
8564
513
8564
8564
8564
8564
8564
216
8564
8564
8564
234
8564
204
8564
8564
700
8564
204
513
8564
8564
8564
8564
700
8564
8564
8564
8564
8564
8564
204
8564
8564
8564
513
8564
513
8564
765
513
8564
394
204
8564
765
513
8564
8564
513
8564
8564
8564
513
8564
8564
8564
8564
8564
8564
216
8564
8564
8564
513
8564
8564
8564
8564
8564
8564
216
8564
513
8564
8564
198
8564
8564
204
8564
8564
513
8564
8564
513
8564
8564
513
8564
8564
765
513
8564
8564
765
496
8564
8564
8564
8564
204
513
8564
513
8564
8564
8564
8564
513
8564
8564
513
8564
8564
8564
513
8564
8564
513
8564
8564
513
8564
8564
513
513
8564
8564
8564
756
204
8564
8564
513
630
204
8564
8564
8564
198
8564
8564
8564
8564
204
513
8564
8564
513
8564
8564
513
513
8564
8564
513
8564
8564
8564
670
765
8564
8564
513
8564
8564
771
8564
8564
8564
204
513
513
8564
8564
771
8564
8564
8564
204
8564
8564
8564
8564
700
8564
8564
8564
8564
8564
204
765
670
8564
8564
8564
8564
8564
700
8564
8564
8564
8564
204
513
8564
8564
513
8564
8564
8564
8564
8564
8564
8564
8564
8564
8564
8564
216
8564
8564
8564
8564
8564
700
8564
8564
8564
8564
8564
8564
8564
204
8564
8564
8564
8564
8564
8564
234
8564
757
513
513
513
513
8564
8564
771
204
8564
771
204
8564
8564
8564
8564
700
8564
204
513
8564
8564
8564
8564
8564
8564
8564
8564
8564
216
824
513
8564
8564
8564
198
756
8564
8564
8564
8564
8564
8564
8564
204
8564
8564
513
8564
8564
8564
513
8564
8564
824
513
8564
8564
756
204
513
8564
8564
513
8564
8564
8564
8564
198
8564
204
513
8564
8564
513
8564
8564
8564
8564
513
8564
8564
765
756
8564
204
824
8564
8564
8564
198
8564
204
8564
513
8564
8564
8564
216
8564
8564
8564
8564
8564
670
8564
216
8564
8564
394
8564
8564
8564
204
513
8564
8564
198
8564
8564
204
8564
8564
513
8564
8564
765
513
8564
8564
765
496
8564
8564
204
8564
8564
765
8564
8564
8564
8564
216
513
8564
8564
8564
8564
412
204
513
8564
8564
824
513
8564
8564
8564
198
8564
204
513
8564
8564
8564
765
513
8564
8564
513
8564
8564
513
8564
8564
765
513
8564
8564
824
8564
198
612
8564
513
879
773
756
198
756
8564
8564
8564
580
8564
8564
8564
8564
216
8564
8564
8564
513
8564
8564
8564
765
513
8564
8564
8564
765
8564
765
8564
234
513
8564
8564
8564
8564
204
675
234
8564
8564
8564
8564
204
513
8564
8564
513
8564
8564
412
513
8564
8564
8564
8564
8564
8564
8564
8564
8564
8564
204
8564
8564
8564
8564
8564
8564
8564
8564
8564
765
8564
765
8564
670
8564
8564
234
513
8564
8564
204
513
8564
8564
513
8564
8564
8564
8564
8564
8564
8564
8564
8564
8564
8564
216
8564
8564
412
513
8564
8564
513
8564
8564
513
8564
8564
513
8564
8564
204
8564
756
204
8564
8564
8564
234
513
8564
8564
513
8564
8564
8564
204
513
8564
8564
8564
513
8564
8564
513
8564
8564
8564
513
8564
8564
8564
513
8564
8564
513
8564
513
8564
513
8564
513
8564
513
8564
8564
8564
216
8564
8564
234
8564
8564
204
8564
8564
8564
8564
8564
8564
8564
8564
8564
8564
8564
824
198
8564
8564
204
8564
8564
8564
8564
8564
8564
700
8564
8564
8564
204
8564
8564
8564
8564
824
8564
8564
8564
8564
8564
824
8564
670
8564
8564
670
8564
8564
670
8564
670
8564
8564
394
204
8564
8564
8564
8564
8564
216
513
8564
8564
8564
8564
8564
765
8564
8564
216
513
8564
8564
513
8564
8564
513
8564
8564
765
670
8564
8564
8564
8564
216
8564
513
8564
8564
8564
765
8564
513
8564
8564
513
8564
8564
8564
8564
8564
216
8564
8564
8564
513
8564
8564
8564
8564
513
8564
8564
496
8564
8564
8564
204
8564
8564
8564
513
8564
8564
8564
8564
513
8564
8564
513
8564
8564
513
8564
8564
513
8564
8564
513
8564
8564
513
8564
8564
513
8564
8564
824
198
8564
204
8564
8564
234
8564
204
8564
756
204
513
8564
8564
8564
8564
8564
198
204
513
8564
216
8564
8564
8564
8564
234
8564
8564
8564
204
8564
756
8564
8564
204
513
8564
8564
8564
8564
8564
216
8564
8564
8564
8564
198
204
8564
8564
8564
216
8564
8564
513
8564
8564
8564
8564
216
8564
513
8564
8564
513
8564
8564
513
8564
8564
8564
765
8564
8564
8564
8564
216
513
8564
8564
513
8564
8564
513
8564
8564
8564
765
8564
8564
8564
8564
216
513
8564
8564
513
8564
8564
765
885
885
773
756
198
756
8564
424
810
513
8564
8564
513
8564
8564
513
8564
8564
765
513
8564
8564
513
8564
8564
8564
765
513
8564
8564
216
513
8564
8564
8564
8564
513
8564
8564
216
513
8564
8564
8564
8564
198
8564
204
513
8564
8564
8564
8564
198
204
513
8564
8564
513
8564
8564
394
204
513
8564
8564
756
204
513
8564
8564
198
756
8564
8564
8564
204
513
8564
8564
198
756
8564
8564
8564
204
394
204
824
630
204
513
8564
8564
8564
8564
198
8564
204
513
8564
8564
8564
216
8564
513
8564
8564
8564
8564
8564
496
204
824
513
8564
8564
198
8564
204
513
8564
513
8564
8564
8564
216
8564
8564
8564
8564
513
8564
8564
8564
824
8564
8564
756
204
513
8564
8564
8564
8564
198
8564
204
513
8564
8564
412
8564
204
8564
513
8564
8564
670
513
8564
8564
8564
8564
216
513
8564
8564
216
513
8564
8564
513
8564
8564
496
204
8564
496
204
513
8564
8564
513
8564
8564
412
204
8564
8564
216
8564
8564
513
8564
8564
670
8564
670
513
8564
8564
765
8564
8564
8564
216
513
8564
8564
8564
8564
8564
216
824
8564
513
879
773
756
198
756
8564
8564
8564
580
8564
8564
513
8564
8564
204
513
8564
513
8564
8564
8564
8564
216
513
8564
8564
8564
8564
8564
8564
198
8564
204
513
8564
8564
8564
8564
198
756
8564
8564
8564
204
513
8564
8564
756
204
513
8564
8564
412
204
513
8564
8564
513
8564
8564
765
513
8564
8564
513
8564
8564
765
670
8564
513
8564
8564
513
8564
8564
765
8564
412
513
8564
8564
8564
8564
8564
8564
204
765
513
8564
8564
496
8564
8564
8564
204
8564
8564
8564
513
8564
8564
8564
8564
8564
8564
8564
8564
8564
8564
8564
8564
8564
216
8564
8564
8564
8564
8564
8564
8564
8564
8564
8564
8564
8564
8564
765
8564
8564
8564
8564
8564
216
8564
8564
8564
8564
8564
234
8564
8564
8564
8564
8564
8564
8564
204
8564
8564
8564
513
8564
8564
765
513
8564
8564
8564
8564
8564
8564
8564
8564
8564
216
8564
8564
8564
8564
8564
8564
8564
513
8564
8564
8564
8564
8564
198
8564
8564
8564
8564
8564
8564
8564
204
513
8564
8564
756
204
513
8564
8564
756
204
513
8564
8564
8564
8564
198
513
8564
204
8564
513
8564
8564
8564
8564
513
8564
8564
8564
8564
564
394
204
513
8564
8564
8564
8564
198
204
765
885
885
773
756
198
756
8564
8564
8564
765
885
885
773
756
756
8564
8564
513
8564
8564
8564
8564
198
8564
424
204
824
513
8564
8564
8564
8564
8564
670
8564
234
8564
8564
204
513
8564
8564
8564
8564
198
8564
204
513
8564
8564
8564
412
8564
204
513
8564
8564
198
8564
204
513
8564
8564
198
8564
204
513
8564
8564
8564
412
204
513
8564
8564
8564
8564
8564
680
513
8564
8564
8564
564
765
670
513
8564
8564
496
204
513
8564
8564
8564
765
670
8564
8564
8564
216
8564
198
8564
204
8564
8564
8564
8564
216
8564
653
198
8564
8564
204
513
8564
8564
198
8564
204
513
8564
8564
198
8564
204
513
8564
8564
8564
8564
8564
8564
216
8564
8564
8564
412
8564
8564
204
513
8564
8564
412
8564
204
513
8564
8564
412
8564
204
513
8564
8564
513
8564
8564
496
8564
204
8564
513
8564
8564
8564
8564
8564
765
8564
8564
216
513
8564
8564
513
8564
8564
765
513
8564
8564
513
8564
8564
513
8564
8564
8564
765
513
8564
8564
8564
8564
216
8564
8564
824
513
8564
8564
8564
765
513
8564
8564
8564
765
670
8564
8564
513
8564
8564
756
8564
8564
8564
8564
8564
204
8564
513
8564
8564
8564
8564
8564
8564
8564
198
204
675
513
8564
8564
513
8564
8564
513
8564
8564
8564
8564
8564
8564
216
513
8564
8564
513
8564
8564
765
513
8564
8564
513
8564
8564
765
670
8564
513
8564
8564
8564
8564
8564
8564
216
8564
8564
8564
513
8564
8564
513
8564
8564
412
204
8564
8564
8564
8564
8564
198
8564
204
765
513
8564
8564
765
513
8564
8564
670
8564
513
8564
8564
670
8564
513
8564
8564
513
8564
8564
513
8564
8564
8564
8564
8564
216
8564
8564
8564
8564
8564
513
8564
8564
765
8564
8564
8564
8564
8564
8564
8564
216
8564
8564
234
204
513
8564
8564
8564
8564
198
204
513
8564
8564
8564
8564
198
8564
204
513
8564
8564
394
204
513
8564
8564
198
756
8564
8564
8564
204
8564
234
204
513
8564
8564
8564
8564
653
198
8564
204
513
8564
8564
198
204
513
8564
8564
513
8564
8564
394
204
513
8564
8564
496
204
513
8564
8564
513
8564
8564
394
204
513
8564
8564
8564
8564
198
204
513
8564
8564
513
8564
8564
513
8564
8564
824
513
8564
8564
8564
8564
8564
824
216
824
8564
234
204
513
8564
8564
8564
8564
198
204
513
8564
8564
513
8564
8564
8564
8564
670
8564
8564
8564
216
8564
8564
8564
8564
394
8564
204
8564
234
8564
204
513
8564
8564
8564
8564
8564
653
198
8564
8564
204
513
8564
8564
198
8564
204
513
8564
8564
198
8564
204
513
8564
8564
513
8564
8564
394
8564
204
513
8564
8564
513
8564
8564
8564
8564
765
8564
8564
216
8564
198
204
513
8564
8564
8564
8564
8564
8564
198
204
8564
198
8564
424
204
824
513
8564
8564
8564
8564
8564
670
8564
8564
216
824
513
8564
8564
8564
8564
8564
670
8564
234
8564
8564
204
8564
8564
8564
8564
653
198
8564
8564
8564
8564
8564
204
8564
513
8564
8564
198
8564
204
513
8564
8564
198
8564
204
513
8564
8564
513
8564
8564
394
8564
204
8564
8564
765
513
8564
8564
8564
8564
8564
216
8564
8564
513
8564
8564
8564
8564
8564
8564
198
204
8564
513
8564
8564
879
564
394
204
513
8564
8564
513
8564
8564
8564
8564
198
204
513
8564
8564
8564
8564
198
8564
513
8564
8564
198
204
204
513
8564
8564
513
8564
8564
879
412
204
8564
198
8564
204
513
8564
8564
756
8564
204
824
8564
234
204
513
8564
8564
8564
8564
198
204
513
8564
8564
8564
8564
8564
670
8564
216
8564
8564
8564
198
8564
204
513
8564
8564
765
8564
765
496
8564
204
824
8564
8564
8564
8564
216
513
8564
8564
513
8564
8564
765
8564
8564
198
756
8564
8564
8564
8564
204
513
8564
8564
513
8564
8564
765
885
885
773
756
198
756
8564
424
810
8564
513
8564
8564
513
8564
8564
513
8564
8564
765
513
8564
8564
513
8564
8564
8564
765
198
513
8564
8564
8564
8564
204
8564
8564
8564
8564
8564
8564
700
8564
8564
8564
8564
204
513
8564
8564
513
8564
513
8564
8564
8564
8564
8564
8564
8564
8564
8564
216
513
8564
8564
8564
513
8564
8564
765
885
885
773
756
756
8564
580
8564
765
885
885
773
756
198
756
8564
424
8564
580
8564
513
8564
8564
8564
8564
8564
204
513
8564
8564
513
8564
8564
412
204
8564
496
204
8564
8564
8564
8564
8564
8564
216
8564
513
8564
8564
394
8564
394
8564
8564
8564
8564
8564
8564
204
8564
8564
8564
8564
513
8564
513
8564
513
8564
513
8564
513
8564
513
8564
513
8564
513
8564
8564
8564
216
8564
8564
8564
8564
8564
8564
8564
824
8564
8564
8564
8564
8564
824
765
8564
670
8564
765
8564
670
8564
8564
496
204
8564
394
204
8564
8564
496
8564
8564
204
8564
8564
8564
8564
8564
8564
8564
8564
216
8564
8564
8564
8564
8564
412
8564
204
513
8564
8564
513
8564
8564
670
8564
8564
513
8564
8564
8564
216
8564
8564
8564
8564
765
8564
8564
765
670
8564
765
8564
8564
8564
8564
8564
8564
8564
8564
8564
8564
8564
8564
216
513
8564
8564
756
8564
8564
8564
204
824
513
8564
8564
513
8564
8564
8564
8564
670
8564
8564
234
8564
204
513
8564
8564
8564
8564
8564
653
198
8564
8564
204
513
8564
8564
198
8564
204
513
8564
8564
198
8564
204
8564
8564
496
8564
204
513
8564
8564
513
8564
8564
394
8564
204
8564
765
513
8564
8564
8564
8564
216
8564
513
8564
8564
8564
765
765
670
8564
8564
8564
216
513
8564
8564
765
675
513
8564
8564
513
8564
8564
513
8564
8564
8564
8564
216
8564
8564
8564
8564
8564
765
513
8564
8564
513
8564
8564
8564
8564
8564
8564
8564
8564
216
8564
8564
513
8564
8564
8564
8564
670
8564
8564
8564
394
8564
8564
204
8564
8564
8564
8564
765
765
8564
8564
8564
216
513
8564
8564
216
824
8564
216
8564
513
8564
8564
8564
513
8564
8564
8564
8564
670
513
8564
8564
8564
513
8564
8564
513
8564
8564
513
8564
8564
496
204
513
8564
8564
8564
216
513
8564
8564
513
8564
8564
412
8564
204
8564
198
513
8564
8564
580
513
8564
8564
8564
412
580
8564
8564
8564
956
234
198
424
204
513
8564
8564
496
204
8564
394
204
513
8564
8564
8564
8564
198
8564
8564
204
8564
8564
8564
513
8564
8564
765
8564
8564
216
513
8564
8564
513
8564
8564
394
8564
8564
8564
204
513
8564
8564
8564
8564
8564
8564
765
765
670
8564
8564
8564
216
513
8564
8564
513
8564
8564
765
8564
8564
756
204
824
8564
8564
216
198
204
756
513
630
424
8564
8564
204
198
204
756
513
630
424
8564
8564
204
8564
8564
8564
8564
8564
8564
216
8564
8564
8564
8564
8564
8564
8564
8564
8564
198
8564
8564
8564
204
8564
8564
8564
513
8564
8564
8564
513
8564
8564
8564
8564
198
8564
8564
8564
204
8564
8564
670
513
8564
8564
8564
8564
670
513
8564
8564
8564
8564
670
513
8564
8564
8564
8564
216
8564
8564
8564
8564
216
513
513
8564
394
8564
8564
8564
8564
204
513
513
8564
394
8564
8564
8564
8564
204
513
8564
8564
8564
8564
8564
216
8564
8564
513
8564
8564
8564
513
8564
8564
8564
8564
8564
216
824
513
8564
8564
513
8564
8564
8564
8564
670
513
8564
8564
234
8564
8564
8564
8564
8564
204
513
8564
8564
216
8564
513
8564
8564
8564
513
8564
8564
8564
513
8564
8564
8564
8564
8564
216
513
8564
8564
394
204
513
8564
8564
394
204
293
8564
234
204
824
216
8564
8564
8564
513
8564
8564
234
204
8564
234
204
8564
8564
8564
8564
8564
216
8564
765
8564
8564
8564
513
8564
8564
8564
8564
8564
8564
8564
216
8564
670
513
8564
8564
8564
8564
216
513
8564
8564
513
8564
8564
8564
513
8564
8564
8564
513
8564
8564
513
8564
8564
8564
216
513
8564
8564
513
8564
8564
8564
8564
765
8564
8564
8564
824
8564
670
8564
8564
8564
8564
216
513
8564
8564
8564
513
8564
8564
8564
513
8564
8564
8564
513
8564
8564
8564
8564
8564
216
513
8564
8564
513
8564
8564
513
8564
8564
765
8564
8564
824
670
8564
8564
8564
234
8564
8564
8564
8564
204
8564
8564
8564
216
8564
204
8564
198
394
424
8564
8564
204
8564
513
8564
8564
8564
8564
394
204
8564
513
8564
8564
8564
8564
198
204
8564
8564
234
8564
204
8564
8564
234
204
513
8564
8564
8564
879
513
8564
8564
513
8564
8564
513
8564
8564
824
198
8564
8564
204
8564
8564
513
8564
8564
8564
8564
8564
8564
824
198
8564
8564
204
513
8564
8564
8564
8564
8564
8564
216
879
8564
8564
216
513
8564
8564
8564
8564
513
8564
8564
496
8564
204
513
8564
8564
8564
8564
198
8564
8564
204
765
8564
216
8564
8564
198
8564
8564
8564
204
513
8564
8564
8564
8564
513
8564
8564
8564
824
8564
8564
8564
8564
8564
824
8564
670
8564
8564
670
513
8564
8564
670
8564
513
8564
8564
216
8564
513
8564
8564
765
765
670
8564
8564
216
513
8564
8564
8564
513
8564
8564
8564
8564
670
513
8564
8564
234
8564
8564
204
513
8564
8564
198
8564
204
513
8564
8564
198
8564
204
513
8564
8564
394
198
424
8564
204
513
8564
8564
513
8564
8564
394
8564
204
765
513
8564
8564
8564
8564
216
8564
513
8564
8564
8564
8564
412
8564
204
8564
8564
8564
8564
513
8564
8564
564
513
670
8564
8564
198
204
513
8564
8564
8564
513
670
8564
8564
234
204
8564
216
513
513
8564
8564
513
8564
8564
824
8564
8564
216
513
8564
8564
8564
8564
513
8564
216
8564
8564
513
8564
8564
8564
670
765
670
670
513
8564
8564
756
8564
8564
204
824
513
8564
8564
8564
8564
8564
8564
8564
216
513
8564
8564
8564
8564
8564
8564
8564
216
513
8564
8564
765
8564
394
8564
204
513
8564
8564
8564
765
394
8564
8564
204
8564
8564
8564
8564
8564
8564
8564
8564
8564
216
8564
8564
513
8564
8564
765
513
8564
8564
8564
670
8564
8564
216
8564
8564
8564
8564
216
513
8564
8564
8564
513
8564
8564
8564
8564
8564
216
513
8564
8564
8564
513
8564
8564
8564
513
8564
8564
8564
8564
8564
216
513
8564
8564
8564
8564
513
8564
8564
513
8564
8564
8564
513
8564
8564
8564
8564
513
8564
8564
513
8564
8564
8564
8564
513
8564
8564
8564
234
204
8564
8564
8564
234
204
8564
513
8564
8564
513
8564
8564
8564
8564
8564
8564
216
513
8564
8564
8564
8564
198
204
8564
8564
234
8564
204
513
8564
8564
8564
8564
198
204
8564
8564
234
204
513
8564
8564
513
8564
513
8564
8564
513
8564
8564
513
8564
8564
824
198
8564
8564
204
8564
8564
513
8564
8564
8564
8564
824
412
8564
8564
204
513
8564
8564
513
8564
8564
513
8564
8564
824
513
8564
8564
8564
8564
8564
824
216
513
8564
8564
8564
513
8564
8564
8564
8564
670
8564
513
8564
8564
8564
216
647
513
8564
8564
8564
513
8564
8564
8564
513
8564
8564
513
8564
8564
513
8564
8564
824
8564
8564
216
8564
8564
824
513
198
8564
8564
204
513
8564
8564
8564
8564
198
204
8564
8564
234
204
8564
8564
8564
8564
8564
824
216
8564
8564
824
216
8564
8564
8564
8564
216
8564
1345
1345
1345
1345
1345
1345
1345
1345
1345
1345
1345
8564
1345
1345
1345
1345
1345
8564
1345
1345
1345
1345
1345
1345
8564
1345
1345
1345
1345
1345
1345
1345
1345
1345
1345
1345
1345
1345
8564
1345
1345
1345
1345
1345
1345
1345
1345
1345
1345
1345
1345
1345
1345
1345
1345
1345
1345
1345
1345
1345
1345
1345
1345
1345
1345
1345
1345
1345
1345
1345
1345
1345
1345
1345
1345
1345
1345
1345
1345
1345
1345
1345
1345
1345
1345
1345
1345
8564
1345
1345
1345
1345
1345
1345
8564
1345
1345
1345
1345
1345
1345
1345
1345
1345
1345
1345
1345
1345
1345
1345
1345
1345
1345
1345
8564
1345
1345
1345
1345
1345
1345
8564
8564
1345
8564
1345
1345
1345
1345
8564
8564
1345
4783
824
513
8564
8564
8564
8564
198
8564
204
257
824
513
8564
8564
8564
8564
253
8564
824
513
8564
8564
8564
8564
198
204
513
8564
8564
198
204
513
8564
8564
8564
8564
513
8564
8564
496
204
513
8564
8564
8564
8564
513
8564
8564
756
204
513
8564
8564
198
204
8564
8564
216
513
8564
8564
513
8564
8564
765
513
8564
8564
513
8564
8564
513
8564
8564
513
8564
8564
8564
8564
198
8564
204
8564
8564
8564
8564
8564
8564
8564
8564
8564
8564
8564
8564
8564
8564
700
204
513
8564
8564
8564
8564
216
8564
513
8564
8564
8564
8564
8564
412
204
513
8564
8564
198
204
513
8564
8564
198
204
513
8564
8564
198
8564
204
513
8564
8564
756
204
513
8564
8564
670
8564
216
8564
513
824
412
8564
8564
204
824
8564
8564
765
513
8564
8564
513
8564
513
8564
8564
216
8564
513
8564
8564
8564
8564
8564
8564
670
513
8564
8564
513
8564
8564
564
513
8564
8564
513
8564
8564
513
8564
8564
513
8564
8564
8564
513
8564
8564
8564
8564
394
204
513
8564
8564
8564
216
8564
8564
8564
513
8564
8564
198
8564
204
8564
8564
8564
216
8564
8564
513
564
670
8564
8564
670
8564
8564
198
8564
8564
8564
8564
204
8564
513
8564
8564
756
204
513
8564
8564
8564
8564
198
8564
204
8564
756
204
8564
8564
513
8564
8564
765
513
8564
8564
513
8564
8564
670
8564
513
8564
8564
8564
8564
216
8564
8564
8564
680
8564
765
8564
8564
8564
216
8564
8564
8564
513
8564
8564
513
8564
8564
756
8564
204
513
8564
8564
8564
8564
8564
8564
216
8564
8564
8564
8564
8564
198
8564
204
8564
513
8564
8564
513
8564
8564
513
8564
8564
513
8564
8564
513
8564
8564
513
8564
8564
513
8564
8564
513
8564
8564
513
8564
8564
8564
8564
8564
394
204
513
8564
8564
8564
216
513
8564
513
8564
513
8564
513
8564
513
8564
513
8564
513
8564
513
8564
513
8564
513
8564
513
8564
513
8564
513
8564
513
8564
513
8564
513
8564
513
8564
8564
513
8564
513
513
513
8564
513
8564
8564
8564
216
8564
8564
8564
8564
216
8564
8564
8564
412
8564
204
8564
8564
412
723
8564
216
8564
8564
8564
8564
8564
8564
8564
670
8564
8564
8564
756
204
8564
8564
8564
198
8564
204
8564
631
204
198
8564
8564
204
8564
425
204
425
547
198
424
204
8564
8564
756
8564
599
8564
216
8564
8564
8564
8564
8564
412
204
4637
204
8564
8564
8564
198
204
8564
234
204
234
204
1191
204
234
204
8564
756
204
8564
8564
8564
8564
198
8564
204
8564
8564
8564
8564
8564
8564
670
496
394
8564
8564
8564
204
8564
1011
8564
8564
8564
8564
216
8564
513
8564
8564
8564
513
564
670
8564
8564
513
8564
8564
513
394
8564
8564
204
8564
8564
513
8564
8564
670
8564
8564
8564
8564
8564
8564
8564
8564
216
8564
8564
8564
8564
670
394
8564
8564
8564
204
8564
8564
8564
513
513
824
8564
8564
8564
394
8564
8564
8564
204
8564
513
8564
8564
513
496
8564
204
564
564
8564
8564
513
8564
8564
8564
8564
824
8564
513
8564
8564
8564
8564
216
4637
204
8564
1011
8564
824
8564
8564
513
8564
8564
394
204
513
8564
8564
216
8564
8564
513
8564
8564
8564
8564
670
8564
8564
1303
8564
8564
204
8564
8564
4637
8564
204
8564
8564
8564
8564
4686
1011
564
513
670
8564
8564
724
234
8564
204
8564
8564
216
8564
824
8564
8564
8564
8564
496
8564
204
8564
513
8564
8564
513
496
8564
8564
8564
8564
8564
8564
204
8564
8564
513
8564
8564
8564
513
564
670
8564
8564
513
8564
8564
513
394
8564
8564
204
8564
8564
513
8564
8564
8564
670
8564
8564
8564
8564
216
8564
8564
756
8564
204
8564
8564
8564
216
8564
8564
8564
8564
198
8564
8564
204
8564
8564
8564
670
8564
8564
8564
8564
198
8564
8564
670
204
8564
8564
4637
204
1011
8564
8564
8564
8564
8564
8564
8564
394
8564
8564
204
8564
8564
8564
216
8564
8564
824
8564
8564
513
756
8564
204
513
8564
8564
198
198
424
204
8564
216
8564
513
8564
8564
513
8564
8564
513
394
8564
204
8564
513
8564
8564
513
394
8564
204
8564
513
8564
8564
8564
513
8564
8564
564
513
670
8564
8564
513
8564
8564
8564
670
8564
8564
513
8564
8564
8564
8564
198
8564
204
513
8564
8564
8564
8564
198
204
8564
8564
234
204
513
8564
8564
8564
8564
198
8564
513
8564
204
513
8564
8564
8564
8564
8564
8564
394
204
513
8564
8564
756
204
8564
8564
8564
198
204
513
8564
216
824
198
204
513
8564
8564
8564
8564
496
204
8564
765
8564
513
8564
8564
8564
8564
8564
216
8564
8564
8564
513
8564
8564
564
670
8564
8564
670
8564
8564
513
513
765
513
8564
8564
670
8564
8564
8564
8564
8564
8564
8564
394
8564
8564
8564
204
8564
8564
8564
8564
216
8564
8564
8564
513
8564
8564
513
8564
8564
513
879
773
756
198
756
8564
8564
513
8564
8564
8564
8564
8564
580
513
8564
8564
8564
8564
513
8564
8564
8564
513
8564
513
8564
8564
513
8564
513
8564
513
8564
513
8564
513
8564
513
8564
513
8564
513
8564
513
8564
513
8564
8564
8564
8564
8564
513
8564
513
8564
513
8564
8564
8564
216
8564
8564
513
8564
8564
670
513
8564
8564
8564
8564
765
8564
513
8564
8564
8564
216
8564
8564
8564
670
8564
670
8564
8564
8564
8564
8564
8564
8564
8564
8564
8564
8564
198
8564
204
8564
234
204
8564
8564
8564
198
8564
204
8564
198
8564
204
8564
8564
8564
8564
412
204
8564
496
204
8564
394
204
8564
765
8564
216
8564
653
198
8564
204
8564
8564
8564
8564
412
204
8564
8564
216
8564
198
204
8564
513
8564
8564
513
8564
8564
8564
216
8564
8564
8564
8564
216
8564
394
204
8564
8564
8564
216
8564
8564
8564
513
513
8564
8564
8564
8564
8564
8564
564
670
513
8564
8564
8564
8564
765
8564
8564
8564
8564
394
204
513
8564
8564
8564
8564
216
824
8564
8564
513
8564
8564
8564
496
8564
204
8564
8564
513
8564
8564
8564
216
8564
8564
8564
8564
8564
394
8564
8564
8564
8564
204
8564
8564
8564
216
8564
8564
513
949
4774
670
858
598
670
765
670
8564
8564
8564
8564
8564
394
204
496
8564
8564
204
8564
216
824
8564
496
204
8564
8564
8564
8564
216
8564
8564
8564
8564
8564
765
8564
8564
8564
8564
8564
8564
8564
8564
216
198
204
756
513
630
424
204
8564
216
8564
8564
8564
198
8564
204
8564
8564
8564
198
204
8564
8564
234
204
824
8564
513
8564
8564
513
394
8564
204
8564
513
8564
8564
513
394
8564
204
8564
513
8564
8564
8564
513
8564
564
670
8564
8564
513
8564
8564
8564
670
8564
8564
8564
216
8564
513
8564
8564
513
394
8564
204
8564
513
8564
8564
8564
513
564
670
8564
8564
513
8564
8564
513
394
8564
8564
204
647
8564
8564
8564
8564
8564
8564
8564
670
8564
8564
8564
394
8564
8564
8564
204
8564
513
8564
8564
513
394
8564
204
8564
513
8564
8564
513
394
8564
204
765
8564
8564
513
8564
8564
513
670
564
670
8564
8564
513
8564
8564
8564
670
8564
8564
8564
765
8564
8564
8564
216
8564
8564
8564
756
8564
8564
204
8564
1011
8564
8564
8564
8564
216
8564
8564
8564
513
824
8564
8564
8564
394
8564
8564
204
8564
513
8564
8564
513
496
8564
204
8564
513
8564
8564
8564
513
564
670
8564
8564
513
8564
8564
513
394
8564
8564
204
8564
8564
8564
513
8564
8564
670
8564
8564
8564
8564
216
8564
8564
513
8564
412
8564
8564
8564
8564
204
8564
8564
216
8564
8564
765
513
8564
8564
513
394
8564
8564
204
8564
8564
513
8564
8564
513
394
8564
8564
204
8564
8564
8564
513
8564
8564
513
670
564
670
8564
8564
513
8564
8564
8564
670
8564
8564
8564
765
8564
8564
394
8564
204
8564
216
824
8564
496
204
8564
8564
216
8564
8564
8564
8564
8564
8564
8564
216
8564
8564
8564
412
8564
204
8564
8564
670
251
8564
8564
204
8564
8564
216
8564
513
824
771
8564
204
8564
8564
216
8564
8564
198
8564
204
8564
8564
8564
8564
8564
216
8564
8564
513
8564
8564
8564
513
564
670
8564
8564
513
8564
8564
513
394
8564
8564
8564
204
8564
8564
8564
513
8564
8564
8564
670
8564
8564
8564
8564
8564
8564
216
8564
8564
8564
513
412
8564
8564
8564
8564
204
8564
8564
8564
8564
8564
513
8564
8564
394
8564
8564
8564
204
8564
513
8564
8564
513
496
8564
8564
204
564
8564
564
8564
8564
513
8564
8564
8564
824
8564
8564
8564
8564
8564
216
564
8564
8564
564
8564
8564
513
8564
8564
8564
824
8564
8564
8564
8564
8564
8564
8564
216
824
8564
8564
513
8564
8564
8564
496
8564
204
8564
513
8564
8564
513
394
8564
8564
8564
8564
8564
8564
204
8564
8564
8564
8564
564
564
8564
8564
513
8564
8564
8564
824
8564
8564
8564
8564
216
8564
8564
216
8564
1011
8564
824
8564
8564
513
8564
8564
496
204
513
8564
8564
216
564
8564
564
8564
8564
513
8564
8564
8564
8564
824
8564
8564
513
8564
8564
8564
8564
8564
216
564
564
8564
8564
513
8564
8564
8564
8564
824
8564
513
8564
8564
8564
8564
216
564
8564
564
8564
8564
513
8564
8564
8564
8564
824
8564
8564
513
8564
8564
8564
8564
8564
216
564
8564
564
8564
8564
513
8564
8564
8564
824
8564
8564
8564
8564
8564
216
513
8564
8564
8564
8564
8564
8564
8564
8564
8564
8564
765
513
8564
8564
8564
670
513
8564
8564
513
8564
8564
765
198
810
8564
8564
8564
8564
625
513
8564
496
204
564
8564
765
756
8564
204
198
8564
765
885
885
773
756
198
756
8564
8564
8564
612
8564
8564
204
547
653
756
8564
424
8564
8564
204
8564
8564
8564
216
8564
8564
8564
8564
216
564
8564
564
8564
8564
513
8564
8564
8564
8564
824
8564
8564
513
8564
8564
8564
8564
8564
216
564
564
8564
8564
513
8564
8564
8564
8564
824
8564
513
8564
8564
8564
8564
216
8564
8564
8564
8564
216
564
8564
564
8564
8564
513
8564
8564
8564
8564
824
8564
8564
513
8564
8564
8564
8564
8564
216
564
8564
564
8564
8564
513
8564
8564
8564
8564
824
8564
8564
513
8564
8564
8564
8564
8564
216
8564
8564
8564
8564
8564
216
513
8564
394
204
8564
756
204
8564
765
885
885
773
756
198
756
8564
8564
8564
8564
612
8564
8564
216
8564
8564
8564
756
204
8564
8564
216
8564
8564
8564
670
8564
8564
8564
8564
8564
8564
8564
216
564
564
8564
8564
513
8564
8564
8564
8564
824
8564
513
8564
8564
8564
8564
216
564
564
8564
8564
513
8564
8564
8564
8564
824
8564
513
8564
8564
8564
8564
216
8564
8564
198
756
8564
8564
8564
612
8564
8564
8564
216
8564
8564
8564
670
670
756
204
8564
394
204
8564
8564
513
670
8564
8564
216
513
8564
8564
8564
8564
198
513
8564
204
8564
198
8564
204
8564
412
8564
204
513
8564
8564
8564
513
8564
8564
8564
8564
8564
8564
8564
8564
8564
8564
8564
8564
670
513
8564
8564
670
513
8564
8564
513
8564
8564
513
8564
8564
8564
513
8564
8564
670
513
8564
8564
8564
513
8564
8564
756
204
8564
8564
8564
198
8564
204
8564
198
8564
204
8564
8564
8564
8564
216
8564
8564
198
8564
204
513
8564
8564
765
8564
496
8564
412
8564
8564
8564
8564
204
8564
8564
8564
765
513
8564
8564
8564
8564
496
810
8564
8564
8564
8564
824
8564
8564
216
8564
513
8564
8564
8564
8564
8564
8564
513
8564
8564
513
8564
8564
8564
8564
8564
8564
8564
8564
8564
8564
198
204
513
8564
8564
198
204
513
8564
8564
216
513
8564
8564
8564
8564
8564
547
8564
824
257
513
8564
8564
513
8564
8564
216
8564
756
8564
204
765
8564
8564
216
564
564
8564
8564
513
8564
8564
8564
824
8564
513
8564
8564
8564
216
564
564
8564
8564
513
8564
8564
8564
824
8564
8564
8564
216
824
198
204
513
8564
8564
8564
8564
198
204
824
824
8564
216
824
824
216
8564
8564
198
8564
204
513
8564
8564
216
8564
216
8564
8564
216
8564
4972
824
216
513
8564
8564
513
8564
8564
513
8564
8564
8564
8564
513
8564
8564
198
8564
8564
204
8564
8564
4637
204
1011
513
8564
8564
8564
216
824
216
8564
198
8564
204
8564
8564
8564
8564
412
8564
204
513
8564
8564
496
8564
204
513
8564
8564
394
8564
204
513
8564
8564
765
8564
8564
216
8564
198
8564
204
513
8564
8564
513
8564
8564
8564
8564
8564
8564
513
8564
8564
8564
8564
216
8564
513
949
188
188
1137
641
188
2092
194
680
198
8564
8564
8564
547
8564
8564
204
8564
8564
8564
8564
8564
216
8564
198
8564
204
8564
412
8564
204
8564
8564
8564
8564
496
204
8564
234
204
8564
8564
8564
198
8564
204
8564
8564
8564
8564
412
204
8564
8564
8564
8564
765
8564
765
496
204
670
8564
765
8564
216
8564
8564
204
8564
8564
496
204
8564
394
204
8564
8564
756
204
8564
8564
8564
198
8564
204
8564
8564
8564
8564
216
8564
765
198
204
8564
824
216
8564
8564
8564
953
496
424
8564
8564
204
8564
8564
513
8564
8564
8564
216
8564
8564
8564
8564
216
8564
513
8564
824
8564
513
8564
8564
8564
8564
394
8564
8564
204
8564
8564
8564
513
8564
8564
670
8564
8564
8564
8564
8564
824
824
8564
8564
8564
412
8564
204
670
8564
8564
8564
216
8564
8564
8564
216
8564
8564
8564
513
8564
8564
8564
8564
8564
412
204
8564
824
8564
198
204
8564
8564
8564
198
204
8564
8564
198
8564
198
424
204
8564
8564
8564
670
8564
8564
216
8564
8564
198
198
756
8564
8564
8564
8564
8564
580
8564
8564
204
8564
8564
8564
8564
756
204
8564
824
8564
630
204
8564
8564
8564
198
8564
204
8564
8564
216
8564
8564
8564
8564
8564
496
204
513
8564
8564
198
204
824
8564
198
8564
204
8564
670
8564
8564
8564
824
8564
756
204
8564
8564
8564
198
204
8564
670
8564
8564
8564
8564
8564
216
8564
8564
8564
513
8564
8564
564
670
8564
8564
8564
8564
8564
8564
765
198
8564
204
8564
8564
234
8564
8564
8564
204
8564
8564
756
8564
204
8564
8564
8564
8564
216
8564
8564
8564
198
8564
204
8564
8564
8564
8564
412
8564
204
824
8564
216
513
8564
216
8564
8564
201
8564
204
8564
513
8564
8564
513
198
8564
8564
204
8564
8564
4972
670
8564
756
8564
204
8564
513
824
412
8564
8564
204
824
513
8564
8564
513
8564
8564
216
8564
513
8564
8564
8564
8564
216
8564
8564
216
564
564
8564
8564
513
8564
8564
8564
824
8564
8564
8564
216
564
564
8564
8564
513
8564
8564
8564
824
8564
8564
8564
216
8564
198
8564
8564
204
8564
513
8564
8564
394
8564
8564
204
8564
8564
765
198
8564
8564
8564
204
513
8564
8564
8564
8564
216
8564
8564
513
8564
8564
564
670
8564
8564
8564
8564
8564
8564
765
8564
216
8564
8564
8564
8564
496
8564
204
8564
756
204
8564
8564
8564
198
204
756
8564
8564
8564
204
8564
8564
765
8564
8564
824
8564
8564
8564
8564
8564
216
580
8564
8564
8564
216
8564
8564
670
8564
216
765
824
756
204
513
8564
8564
234
8564
204
824
513
8564
8564
8564
8564
8564
216
765
756
885
885
773
756
8564
198
8564
8564
756
8564
424
8564
8564
204
8564
8564
8564
216
8564
8564
513
8564
216
8564
8564
8564
8564
8564
824
8564
216
8564
8564
8564
8564
765
8564
824
8564
8564
8564
8564
216
8564
8564
8564
765
756
8564
8564
204
8564
8564
8564
394
8564
8564
8564
8564
204
580
8564
8564
216
8564
8564
8564
8564
765
8564
670
8564
8564
8564
216
513
8564
8564
824
216
8564
8564
765
8564
216
412
8564
204
765
8564
8564
216
198
8564
757
8564
8564
216
8564
1345
1345
8564
1345
4783
824
513
8564
8564
8564
8564
824
513
8564
8564
8564
8564
756
204
513
8564
8564
8564
513
8564
8564
8564
216
8564
8564
513
824
8564
8564
824
824
198
8564
8564
204
481
8564
1345
1345
8564
4783
513
8564
8564
8564
8564
198
204
824
198
8564
204
513
8564
8564
8564
8564
198
8564
204
824
8564
216
8564
257
824
257
8564
1345
1345
1345
8564
4783
8564
8564
8564
198
8564
204
8564
8564
8564
8564
8564
198
8564
204
8564
8564
8564
8564
8564
198
8564
8564
204
8564
8564
8564
513
8564
8564
8564
8564
564
670
8564
8564
670
8564
8564
234
8564
8564
204
513
8564
8564
216
8564
824
8564
8564
8564
8564
198
8564
8564
8564
513
8564
8564
564
670
8564
8564
513
8564
8564
765
879
599
670
198
204
8564
8564
8564
8564
8564
198
204
8564
8564
8564
8564
8564
412
204
8564
756
204
824
216
8564
8564
8564
8564
8564
8564
8564
8564
8564
8564
8564
8564
513
8564
8564
216
8564
257
8564
8564
8564
8564
8564
198
756
8564
8564
8564
204
8564
8564
8564
824
824
824
216
8564
1345
8564
4783
513
8564
8564
8564
8564
198
204
824
513
8564
8564
8564
8564
756
204
824
216
513
8564
8564
513
8564
8564
8564
8564
394
204
513
8564
8564
8564
8564
8564
8564
201
204
824
257
824
216
824
257
824
216
8564
1345
1345
8564
4783
513
8564
8564
8564
8564
198
8564
204
513
8564
8564
8564
8564
756
204
824
216
513
8564
8564
8564
8564
8564
8564
8564
824
8564
216
8564
257
8564
1345
8564
4783
824
8564
8564
8564
8564
8564
824
824
8564
8564
8564
8564
8564
8564
8564
8564
257
8564
1345
8564
4783
513
8564
8564
8564
8564
8564
8564
257
8564
824
257
8564
1345
1345
8564
8564
513
8564
8564
513
8564
8564
8564
8564
8564
8564
412
513
8564
8564
513
8564
8564
8564
8564
204
8564
8564
765
8564
216
8564
756
204
8564
8564
821
513
257
481
513
8564
8564
8564
8564
765
8564
8564
765
8564
216
8564
1345
8564
4783
824
824
824
257
8564
1345
8564
257
8564
1345
8564
257
8564
8564
513
8564
8564
8564
8564
257
8564
1345
8564
8564
513
8564
8564
513
8564
8564
8564
8564
8564
8564
547
8564
257
8564
1345
1345
8564
8564
8564
1345
1345
4783
8564
8564
198
8564
204
8564
8564
8564
8564
216
8564
257
8564
1345
1345
8564
8564
8564
1345
1345
1345
4783
8564
8564
513
8564
8564
8564
8564
8564
513
412
204
293
8564
8564
8564
216
8564
257
8564
412
8564
204
8564
1345
8564
8564
8564
1345
1345
4783
8564
8564
824
198
204
257
8564
8564
8564
257
8564
1345
8564
1345
1345
4783
513
8564
8564
8564
8564
198
204
513
8564
8564
198
204
513
8564
8564
198
204
513
8564
8564
8564
8564
198
204
513
8564
8564
198
204
481
513
8564
8564
8564
8564
8564
8564
8564
8564
8564
8564
8564
8564
198
8564
204
513
8564
8564
8564
8564
8564
216
824
8564
481
8564
513
8564
8564
8564
8564
513
8564
8564
824
824
824
824
824
409
513
8564
8564
724
234
8564
204
824
824
824
8564
513
8564
8564
513
8564
8564
513
8564
8564
8564
216
513
513
8564
8564
513
513
8564
8564
513
8564
8564
8564
216
8564
513
8564
8564
216
8564
1345
8564
1345
1345
4783
513
8564
8564
8564
8564
198
204
513
8564
8564
198
204
513
8564
8564
8564
8564
198
204
513
8564
8564
198
204
481
8564
8564
513
8564
8564
8564
8564
481
824
824
824
824
824
824
824
824
8564
216
8564
1345
8564
4783
824
824
824
257
8564
824
257
8564
1345
8564
4783
824
257
8564
1345
8564
4783
824
824
198
204
513
8564
8564
216
824
824
824
257
8564
8564
513
8564
8564
8564
8564
257
8564
8564
513
8564
8564
198
8564
204
8564
216
513
257
8564
1345
1345
8564
4783
8564
8564
8564
198
8564
8564
204
8564
8564
8564
8564
8564
8564
8564
8564
8564
8564
216
8564
257
8564
1345
1345
8564
4783
513
8564
8564
198
8564
204
513
8564
8564
8564
8564
216
8564
257
8564
1345
1345
1345
8564
4783
513
8564
8564
8564
8564
198
8564
204
513
8564
8564
8564
8564
198
8564
8564
204
8564
257
409
198
8564
8564
204
513
8564
216
513
8564
216
8564
8564
8564
8564
8564
425
204
675
4621
8564
204
253
8564
8564
8564
8564
564
253
670
8564
8564
724
234
204
8564
216
824
257
513
8564
216
8564
1345
1345
8564
1345
4783
513
8564
8564
513
8564
8564
8564
8564
253
8564
198
8564
8564
204
513
8564
8564
8564
8564
198
204
513
8564
8564
8564
8564
8564
216
8564
8564
8564
630
8564
204
513
564
513
670
8564
8564
670
257
8564
8564
547
8564
257
824
513
8564
8564
8564
8564
8564
216
8564
1345
1345
8564
4783
8564
8564
8564
8564
8564
198
8564
204
824
8564
216
8564
257
8564
1345
1345
8564
4783
513
8564
8564
198
8564
204
513
8564
8564
8564
8564
8564
198
8564
8564
204
8564
257
824
257
8564
1345
1345
8564
4783
8564
647
8564
8564
564
670
8564
8564
724
234
8564
8564
204
513
8564
8564
8564
8564
198
8564
204
513
8564
1011
8564
8564
8564
8564
216
8564
257
8564
1345
1345
8564
4783
4783
198
8564
8564
204
513
8564
8564
8564
8564
198
8564
204
513
858
8564
8564
201
8564
612
8564
216
8564
257
8564
1345
1345
1345
8564
1345
8564
4783
513
8564
8564
8564
8564
547
198
8564
8564
204
8564
824
824
824
824
513
8564
8564
8564
8564
198
204
824
8564
198
8564
204
824
513
8564
8564
8564
547
8564
8564
8564
513
8564
8564
513
8564
8564
513
8564
8564
8564
8564
216
8564
824
8564
216
8564
1345
8564
4783
824
257
8564
481
8564
1345
8564
4783
824
481
8564
1345
8564
4783
496
810
810
765
824
513
8564
8564
8564
8564
670
8564
8564
8564
670
8564
8564
257
8564
1345
1345
1345
8564
1345
4783
8564
8564
8564
8564
8564
496
204
8564
8564
8564
8564
8564
8564
513
8564
513
8564
8564
8564
216
8564
8564
8564
8564
8564
8564
824
8564
8564
496
8564
8564
204
824
257
8564
1345
1345
8564
1345
1345
1345
8564
8564
4783
513
8564
8564
8564
8564
513
8564
8564
8564
8564
412
513
8564
8564
8564
8564
204
513
756
204
670
8564
8564
234
8564
8564
8564
8564
8564
204
513
670
8564
8564
8564
8564
216
8564
8564
1347
198
8564
8564
204
8564
670
8564
8564
8564
8564
216
8564
8564
8564
216
8564
513
670
8564
8564
1347
496
8564
204
234
204
481
670
8564
8564
234
8564
204
824
216
8564
8564
8564
8564
216
513
8564
216
765
824
513
8564
670
8564
8564
8564
670
8564
8564
824
824
216
824
824
481
8564
1345
8564
1345
4783
513
8564
8564
513
8564
8564
8564
8564
8564
8564
8564
8564
8564
8564
8564
8564
8564
8564
8564
8564
8564
824
257
8564
1345
8564
1345
4783
513
8564
8564
513
8564
8564
8564
8564
8564
8564
8564
8564
8564
8564
8564
8564
8564
8564
8564
8564
8564
257
8564
1345
1345
1345
1345
8564
1345
4783
8564
4972
8564
4972
496
8564
204
8564
513
8564
513
8564
513
8564
513
8564
8564
8564
216
513
513
496
8564
8564
8564
204
8564
8564
8564
8564
8564
8564
8564
198
8564
8564
204
8564
257
8564
1345
8564
4783
8564
8564
8564
8564
8564
8564
4846
257
8564
513
8564
257
8564
8564
257
8564
513
257
8564
1345
8564
4783
8564
647
8564
8564
564
670
8564
8564
8564
8564
4108
257
8564
1345
8564
4783
8564
647
8564
8564
564
670
8564
8564
8564
8564
4108
257
8564
1345
1345
8564
4783
8564
647
8564
8564
1011
564
253
670
8564
8564
8564
234
8564
204
8564
8564
8564
564
670
8564
8564
8564
216
8564
257
8564
1345
1345
8564
4783
8564
647
8564
8564
1011
564
253
670
8564
8564
724
234
8564
204
8564
8564
8564
564
670
8564
8564
8564
216
8564
257
8564
1345
8564
4783
8564
647
8564
8564
564
253
670
8564
8564
8564
647
257
8564
1345
1345
8564
4783
198
8564
204
8564
3634
8564
216
8564
257
8564
1345
8564
4783
8564
4972
824
8564
5012
8564
257
8564
1345
1345
1345
1345
1345
8564
8564
8564
8564
1345
4783
8564
8564
8564
8564
8564
198
8564
8564
8564
198
204
204
8564
8564
8564
513
564
670
8564
8564
198
8564
8564
204
8564
8564
8564
8564
8564
198
8564
8564
8564
204
8564
8564
8564
8564
8564
481
204
8564
8564
8564
198
204
564
513
8564
824
8564
670
8564
8564
216
8564
8564
8564
8564
8564
8564
216
824
8564
513
8564
216
8564
513
8564
8564
8564
8564
412
8564
8564
8564
8564
204
8564
4972
8564
4972
824
198
8564
204
5012
5012
216
8564
513
8564
8564
824
824
8564
513
8564
8564
8564
8564
8564
670
8564
8564
481
5012
5012
216
8564
8564
8564
824
8564
8564
8564
8564
8564
216
8564
1345
8564
8564
4783
513
8564
8564
513
8564
8564
8564
8564
8564
8564
412
204
824
198
8564
204
824
216
824
513
8564
8564
8564
8564
513
8564
481
824
216
8564
1345
8564
4783
513
8564
8564
198
204
824
824
481
824
481
8564
1345
8564
4783
513
8564
8564
8564
8564
513
8564
8564
412
204
513
8564
8564
412
204
824
481
8564
8564
8564
198
204
513
8564
8564
564
670
8564
8564
8564
4972
513
8564
8564
8564
8564
765
756
204
198
204
513
8564
8564
8564
8564
670
8564
8564
8564
700
8564
204
8564
198
8564
204
824
8564
8564
513
756
8564
8564
204
513
8564
8564
513
8564
216
824
481
8564
824
257
8564
1345
8564
4783
513
8564
8564
8564
8564
513
8564
8564
412
204
513
8564
8564
412
204
824
481
8564
8564
8564
198
204
513
8564
8564
564
670
8564
8564
8564
4972
513
8564
8564
8564
8564
765
756
204
198
204
513
8564
8564
8564
8564
670
8564
8564
8564
700
8564
204
8564
198
8564
204
824
8564
8564
513
756
8564
8564
204
513
8564
8564
513
8564
216
824
481
8564
824
257
8564
1345
1345
8564
8564
4783
824
756
8564
204
8564
513
824
412
8564
8564
204
824
824
198
204
824
198
204
8564
8564
234
8564
204
824
8564
3634
481
824
824
513
8564
8564
8564
8564
198
8564
204
513
8564
8564
513
8564
8564
8564
8564
412
204
824
824
824
481
824
481
824
824
216
8564
1345
1345
8564
8564
4783
513
8564
8564
513
8564
8564
8564
8564
412
204
513
8564
8564
513
8564
8564
513
8564
8564
8564
8564
513
8564
8564
513
8564
8564
513
8564
8564
216
8564
824
198
612
8564
257
513
8564
8564
198
8564
204
756
513
8564
8564
8564
204
8564
513
8564
8564
670
425
599
8564
8564
216
824
216
879
8564
8564
216
8564
481
8564
1345
8564
4783
412
204
824
824
824
513
8564
8564
8564
8564
513
8564
481
513
8564
8564
8564
8564
513
8564
481
8564
1345
8564
4783
756
204
513
8564
8564
8564
8564
824
8564
412
204
824
216
513
8564
8564
8564
8564
198
8564
204
8564
513
8564
8564
8564
8564
216
481
824
257
8564
1345
8564
4783
756
204
513
8564
8564
8564
8564
824
8564
412
204
824
216
513
8564
8564
8564
8564
8564
198
8564
204
513
8564
8564
8564
8564
216
481
824
257
8564
1345
1345
8564
4783
756
204
513
8564
8564
8564
8564
198
204
824
8564
412
204
824
216
513
8564
8564
8564
8564
198
8564
204
8564
257
513
8564
8564
8564
8564
8564
481
824
481
824
8564
216
8564
1345
8564
4783
756
204
513
8564
8564
8564
8564
824
8564
412
204
824
216
513
8564
8564
8564
8564
8564
198
8564
204
513
8564
8564
8564
8564
216
481
824
257
8564
1345
8564
4783
824
8564
8564
8564
8564
8564
824
8564
8564
8564
8564
8564
824
481
8564
1345
1345
1345
1345
1345
8564
513
8564
8564
8564
8564
198
204
198
756
8564
8564
8564
599
198
204
513
8564
8564
8564
8564
513
8564
8564
216
8564
8564
670
8564
8564
681
234
8564
8564
8564
204
513
198
8564
8564
204
8564
670
8564
8564
8564
1347
513
198
8564
8564
204
513
8564
8564
216
670
8564
8564
8564
1347
8564
513
198
8564
8564
204
824
513
8564
8564
8564
8564
198
204
481
8564
513
8564
8564
8564
8564
481
824
481
198
8564
8564
204
8564
1345
1345
1345
1345
1345
1345
1345
1345
1345
1345
1345
1345
1345
1345
1345
1345
1345
1345
1345
1345
1345
1345
1345
1345
1345
1345
1345
1345
1345
8564
1345
1345
1345
1345
1345
1345
8564
513
8564
8564
8564
8564
198
204
198
756
8564
8564
8564
599
513
8564
8564
8564
8564
513
8564
8564
8564
8564
216
8564
8564
8564
8564
8564
198
670
8564
8564
1011
8564
8564
8564
8564
204
681
234
8564
8564
8564
8564
8564
8564
8564
204
513
198
8564
670
8564
8564
1011
8564
8564
8564
8564
8564
8564
8564
204
8564
8564
8564
513
8564
8564
8564
8564
8564
1347
198
8564
670
8564
8564
1011
8564
8564
8564
8564
8564
8564
8564
204
8564
8564
8564
198
8564
8564
8564
204
8564
8564
8564
198
547
198
424
198
424
8564
8564
8564
204
8564
8564
513
8564
8564
216
8564
8564
198
8564
670
8564
8564
8564
8564
8564
8564
204
513
234
234
547
424
8564
8564
234
424
8564
8564
8564
204
8564
8564
216
513
234
234
424
8564
8564
234
424
8564
8564
8564
8564
8564
204
8564
198
8564
670
8564
8564
8564
8564
8564
8564
8564
204
8564
8564
8564
8564
513
198
8564
8564
8564
8564
8564
8564
204
824
513
8564
8564
8564
8564
198
8564
204
8564
513
8564
8564
8564
8564
216
481
8564
8564
8564
198
8564
8564
204
8564
198
8564
8564
8564
8564
8564
8564
8564
8564
204
8564
8564
513
756
8564
204
8564
513
198
756
670
8564
8564
8564
8564
8564
234
8564
424
8564
204
1011
234
612
547
653
234
612
547
653
653
8564
8564
8564
204
675
234
8564
8564
8564
8564
8564
8564
204
8564
8564
198
8564
8564
8564
8564
8564
8564
8564
204
198
8564
8564
8564
8564
8564
8564
204
8564
8564
8564
8564
670
8564
8564
8564
8564
8564
216
513
8564
216
824
481
8564
1345
8564
4783
513
8564
8564
8564
8564
198
204
824
513
8564
8564
8564
8564
8564
198
204
481
513
8564
8564
8564
8564
481
824
481
8564
824
257
8564
1345
8564
4783
513
8564
8564
513
8564
8564
8564
8564
8564
8564
765
885
885
773
756
198
756
8564
424
810
824
8564
824
257
8564
1345
8564
4783
756
204
513
8564
8564
513
8564
8564
8564
8564
8564
8564
824
8564
8564
824
824
8564
8564
257
824
257
8564
1345
8564
4783
756
204
8564
8564
8564
8564
8564
8564
8564
8564
8564
8564
824
8564
8564
824
824
8564
8564
257
824
257
8564
824
257
8564
1345
8564
1345
8564
1345
1345
1345
1345
1345
3722
8564
8564
1345
1345
1345
1345
1345
1345
1345
1345
1345
1345
8564
1345
1345
1345
8564
8564
1345
4783
824
8564
8564
513
8564
8564
8564
8564
253
8564
8564
513
8564
8564
824
756
513
8564
8564
8564
8564
8564
8564
8564
204
513
8564
513
8564
8564
513
8564
513
8564
513
8564
513
8564
472
8564
8564
8564
216
198
8564
8564
8564
204
8564
8564
675
8564
630
8564
8564
412
198
8564
612
8564
8564
8564
204
8564
8564
8564
8564
8564
216
8564
8564
8564
8564
675
234
670
8564
8564
8564
204
513
670
8564
8564
234
8564
8564
204
8564
513
8564
824
756
8564
8564
8564
8564
8564
8564
8564
8564
8564
204
8564
8564
8564
8564
8564
8564
198
204
8564
8564
8564
824
8564
8564
198
8564
8564
8564
8564
204
8564
8564
412
204
8564
670
8564
8564
8564
216
8564
8564
8564
8564
216
8564
431
670
670
198
8564
8564
8564
8564
8564
204
8564
8564
8564
8564
8564
8564
700
8564
8564
204
8564
8564
4817
424
8564
8564
8564
8564
204
8564
8564
8564
547
8564
8564
412
8564
204
8564
8564
8564
216
513
8564
8564
198
204
8564
8564
8564
216
513
8564
8564
257
8564
8564
8564
564
8564
8564
8564
8564
8564
8564
824
8564
8564
8564
8564
8564
8564
8564
216
8564
8564
8564
547
8564
8564
216
8564
8564
8564
8564
8564
216
513
8564
8564
8564
824
8564
670
8564
8564
216
8564
1345
8564
4783
824
8564
8564
8564
8564
8564
8564
8564
8564
8564
8564
824
8564
8564
8564
8564
8564
198
204
824
216
8564
824
257
8564
1345
1345
1345
1345
1345
1345
1345
1345
1345
1345
8564
1345
1345
4783
198
8564
204
8564
257
8564
8564
8564
513
8564
8564
8564
8564
547
198
8564
513
8564
8564
204
513
824
198
8564
8564
8564
204
8564
8564
8564
547
198
8564
8564
8564
204
824
198
8564
8564
8564
8564
8564
204
8564
8564
8564
824
198
8564
8564
204
824
756
8564
8564
204
536
675
670
8564
8564
700
670
8564
8564
8564
198
8564
204
8564
204
8564
8564
513
670
8564
8564
647
8564
8564
8564
216
8564
8564
8564
564
8564
8564
824
198
204
670
8564
216
8564
513
8564
8564
1011
8564
824
412
8564
204
756
599
257
8564
8564
8564
8564
204
8564
1345
8564
1345
1345
8564
8564
1345
4783
513
8564
8564
8564
8564
253
8564
824
8564
547
8564
756
8564
204
513
8564
8564
8564
8564
634
198
8564
8564
204
8564
257
824
198
8564
8564
204
824
198
204
8564
8564
8564
198
204
513
8564
8564
216
513
513
8564
513
8564
8564
216
8564
670
8564
8564
647
8564
824
8564
513
8564
198
8564
8564
8564
204
647
8564
8564
824
8564
216
824
8564
216
8564
1345
1345
1345
8564
4783
824
756
8564
204
824
630
204
513
8564
8564
8564
8564
198
204
675
8564
8564
8564
216
8564
670
8564
8564
8564
216
8564
257
824
8564
216
8564
1345
8564
4783
824
513
8564
8564
513
8564
8564
513
8564
8564
513
8564
8564
513
8564
8564
8564
8564
8564
8564
8564
257
8564
1345
1345
1345
8564
1345
4783
198
8564
8564
204
8564
513
8564
8564
216
8564
824
198
8564
8564
204
8564
513
8564
8564
8564
8564
198
8564
204
513
8564
8564
8564
824
216
8564
257
8564
1345
8564
4783
513
8564
8564
824
8564
8564
824
257
8564
1345
1345
8564
4783
513
8564
8564
513
8564
8564
513
8564
8564
824
513
8564
8564
513
8564
8564
513
8564
8564
8564
8564
198
513
8564
8564
513
8564
8564
8564
204
8564
4972
824
8564
5012
8564
8564
216
8564
8564
257
8564
1345
1345
1345
1345
1345
1345
1345
8564
1345
4783
198
204
824
8564
8564
198
8564
8564
204
8564
513
8564
8564
8564
8564
216
8564
8564
8564
8564
824
198
8564
204
8564
8564
8564
216
8564
8564
8564
198
8564
8564
8564
8564
8564
8564
204
8564
8564
8564
8564
257
481
8564
1345
1345
1345
1345
1345
1345
1345
1345
8564
1345
4783
8564
8564
8564
8564
8564
8564
8564
8564
513
8564
8564
513
8564
8564
8564
8564
8564
513
8564
513
8564
513
8564
513
8564
8564
8564
513
8564
513
8564
513
8564
8564
8564
216
8564
198
8564
204
8564
513
8564
8564
8564
8564
8564
253
8564
630
204
914
8564
8564
216
198
204
8564
8564
670
8564
8564
8564
216
8564
8564
547
8564
8564
8564
8564
8564
8564
8564
8564
824
198
204
513
8564
8564
412
198
8564
8564
204
8564
8564
8564
8564
824
8564
8564
8564
198
204
513
8564
8564
198
204
412
8564
8564
204
412
8564
204
8564
8564
8564
198
8564
204
8564
824
8564
198
8564
8564
204
8564
257
8564
8564
216
513
8564
8564
8564
409
513
8564
8564
198
8564
8564
204
8564
198
8564
204
8564
198
8564
8564
8564
8564
8564
204
8564
8564
8564
8564
824
8564
8564
8564
8564
824
8564
8564
8564
8564
216
8564
198
204
513
8564
8564
8564
216
8564
8564
8564
8564
8564
824
8564
513
8564
8564
8564
824
8564
513
8564
8564
8564
824
8564
8564
8564
8564
216
8564
8564
216
8564
8564
8564
8564
513
8564
8564
198
8564
8564
8564
204
8564
8564
8564
8564
216
824
8564
8564
8564
8564
216
8564
8564
8564
8564
216
8564
8564
8564
8564
8564
8564
824
8564
8564
8564
8564
8564
824
8564
8564
8564
8564
824
8564
513
8564
8564
198
8564
204
8564
8564
8564
8564
216
8564
8564
824
216
8564
1345
1345
8564
513
8564
8564
8564
8564
198
204
513
8564
8564
412
8564
8564
8564
204
513
8564
8564
412
8564
8564
204
8564
8564
8564
198
8564
204
481
8564
513
8564
8564
513
8564
8564
481
8564
824
257
8564
1345
8564
4783
824
8564
8564
8564
8564
8564
513
8564
481
8564
1345
8564
4783
824
513
8564
8564
8564
8564
513
8564
481
8564
1345
8564
4783
496
412
8564
424
204
481
824
824
824
824
824
481
8564
824
257
8564
1345
8564
4783
513
8564
8564
8564
8564
198
204
824
8564
198
8564
204
513
8564
8564
8564
8564
198
8564
204
513
8564
8564
8564
8564
513
8564
8564
8564
8564
216
481
824
216
8564
1345
1345
8564
4783
198
756
8564
8564
8564
8564
204
8564
513
198
8564
204
824
198
8564
204
824
216
481
8564
1345
1345
8564
8564
513
8564
8564
8564
8564
198
8564
204
8564
8564
8564
670
8564
8564
1011
234
8564
8564
204
513
8564
8564
198
8564
204
513
8564
8564
198
8564
204
8564
8564
1011
257
8564
257
8564
1345
1345
8564
8564
513
8564
8564
8564
8564
198
8564
204
513
8564
8564
198
8564
204
513
670
8564
8564
1011
8564
8564
216
8564
257
8564
1345
8564
4783
824
513
8564
8564
513
8564
8564
513
8564
8564
8564
8564
513
8564
8564
513
8564
8564
513
8564
8564
8564
8564
513
8564
8564
257
8564
1345
8564
4783
513
8564
8564
425
204
824
513
8564
8564
513
8564
8564
8564
8564
513
8564
8564
8564
8564
253
8564
257
824
824
257
8564
1345
8564
4783
513
8564
8564
8564
8564
198
204
8564
3634
216
513
8564
8564
8564
513
8564
8564
198
204
513
8564
8564
8564
513
8564
8564
8564
8564
8564
8564
824
8564
513
8564
8564
513
8564
198
204
257
513
8564
8564
513
8564
216
513
8564
8564
8564
8564
547
8564
257
8564
1345
1345
1345
8564
4783
8564
8564
8564
8564
8564
198
8564
8564
204
8564
8564
8564
216
824
8564
198
8564
8564
204
8564
8564
670
8564
8564
234
204
1011
8564
8564
8564
513
8564
8564
8564
547
198
547
198
424
8564
204
670
8564
8564
234
8564
8564
204
824
8564
216
8564
257
8564
1345
1345
1345
1345
8564
4783
513
8564
8564
513
8564
8564
513
394
513
8564
8564
8564
8564
8564
204
198
204
513
8564
824
8564
8564
513
8564
8564
8564
216
8564
8564
8564
8564
675
670
8564
8564
670
8564
8564
257
8564
824
8564
8564
513
8564
8564
8564
216
8564
1345
8564
4783
513
8564
8564
198
204
824
8564
216
513
8564
8564
513
8564
8564
513
8564
8564
8564
8564
198
204
8564
3634
216
513
8564
8564
8564
513
8564
8564
8564
8564
547
8564
257
8564
1345
1345
8564
4783
513
8564
8564
8564
8564
547
198
8564
204
513
8564
8564
8564
8564
198
8564
204
513
8564
8564
8564
216
8564
253
8564
481
513
8564
8564
198
8564
204
8564
4972
824
8564
5012
824
8564
8564
216
824
481
8564
1345
1345
8564
1345
4783
513
8564
8564
198
204
513
8564
8564
8564
8564
547
198
8564
204
198
204
8564
513
8564
513
8564
8564
216
8564
8564
8564
8564
513
8564
824
8564
8564
8564
8564
8564
824
513
198
8564
8564
204
481
824
513
8564
8564
8564
513
670
8564
8564
8564
481
824
216
8564
1345
8564
4783
513
8564
8564
8564
8564
547
198
204
513
8564
8564
513
8564
8564
8564
8564
765
425
599
8564
513
8564
8564
670
8564
8564
8564
547
8564
824
257
824
481
8564
1345
8564
4783
513
8564
8564
198
204
824
824
513
8564
8564
513
8564
8564
8564
8564
8564
8564
824
198
204
8564
8564
3634
216
824
513
8564
8564
8564
8564
481
824
481
8564
1345
8564
4783
824
257
8564
1345
8564
4783
513
8564
8564
8564
8564
253
8564
824
257
8564
8564
513
8564
8564
513
8564
8564
412
8564
612
257
8564
824
257
8564
1345
1345
8564
8564
513
8564
8564
8564
8564
8564
879
8564
670
765
8564
885
885
773
756
198
756
8564
8564
8564
810
198
8564
204
513
756
8564
8564
675
513
670
8564
8564
8564
216
8564
257
8564
8564
257
8564
1345
8564
8564
756
513
8564
8564
204
8564
216
257
8564
824
257
8564
1345
1345
8564
4783
513
8564
8564
8564
8564
8564
8564
8564
8564
8564
198
204
8564
216
8564
257
8564
198
8564
8564
204
8564
1345
1345
1345
1345
8564
4783
824
675
8564
8564
513
8564
8564
8564
8564
8564
412
8564
204
8564
513
8564
8564
513
8564
8564
8564
8564
8564
216
8564
8564
513
513
8564
885
773
756
198
756
670
8564
8564
647
8564
424
599
8564
564
670
8564
8564
234
8564
204
513
8564
8564
412
8564
204
513
412
670
8564
8564
8564
8564
8564
204
513
8564
8564
8564
216
8564
670
8564
8564
824
824
257
513
8564
8564
824
8564
216
8564
1345
8564
8564
8564
8564
8564
8564
8564
8564
8564
879
8564
670
765
8564
885
885
773
756
198
756
8564
8564
8564
810
198
204
198
204
675
8564
216
8564
513
8564
670
8564
8564
8564
757
8564
481
481
8564
8564
8564
8564
8564
8564
8564
8564
8564
8564
253
8564
8564
216
8564
8564
513
8564
8564
513
8564
8564
8564
8564
8564
8564
253
8564
481
8564
8564
513
8564
8564
513
8564
8564
8564
8564
8564
8564
547
8564
481
8564
1345
8564
4783
432
513
8564
8564
481
8564
1345
1345
8564
4783
513
8564
8564
513
8564
8564
513
8564
8564
513
8564
8564
8564
8564
547
8564
198
8564
204
513
8564
8564
198
8564
204
8564
8564
198
8564
204
513
8564
8564
8564
670
8564
670
8564
8564
756
8564
204
513
513
8564
8564
257
8564
257
8564
8564
8564
216
8564
1345
1345
8564
8564
1345
4783
513
8564
8564
198
8564
204
513
8564
8564
198
204
8564
8564
198
8564
8564
204
8564
8564
394
8564
204
412
204
198
198
424
8564
204
765
8564
8564
513
8564
8564
765
8564
8564
394
8564
204
8564
513
8564
8564
513
8564
8564
216
8564
257
513
8564
8564
394
8564
204
8564
8564
8564
216
8564
1345
8564
1345
8564
1345
8564
8564
4783
824
198
204
198
198
204
204
8564
8564
8564
8564
216
8564
8564
8564
8564
8564
8564
8564
8564
8564
198
8564
424
204
824
216
257
824
198
8564
204
8564
8564
8564
8564
8564
257
8564
204
8564
8564
412
204
394
8564
204
8564
8564
216
513
8564
8564
394
8564
204
8564
1345
8564
1345
1345
1345
4783
513
8564
8564
8564
8564
8564
8564
293
8564
293
8564
513
8564
756
8564
810
949
8564
690
564
670
513
8564
8564
653
8564
513
8564
8564
653
8564
824
8564
257
8564
8564
513
8564
8564
8564
8564
198
204
257
824
257
8564
1345
8564
4783
824
824
824
257
8564
1345
1345
8564
1345
1345
1345
8564
4783
513
8564
8564
8564
8564
8564
8564
8564
293
8564
293
8564
513
8564
756
8564
810
949
8564
690
564
670
513
8564
8564
653
8564
513
8564
8564
653
8564
824
756
8564
204
8564
8564
8564
198
8564
204
756
8564
204
8564
8564
8564
8564
8564
8564
765
879
8564
670
8564
885
885
773
756
198
756
8564
8564
8564
810
394
204
513
8564
8564
216
8564
8564
204
8564
257
513
8564
8564
198
8564
204
513
8564
8564
1011
513
8564
8564
824
8564
216
8564
198
8564
204
8564
8564
318
8564
8564
198
204
198
8564
204
824
8564
216
8564
198
8564
204
8564
879
8564
216
8564
1345
1345
8564
1345
4783
8564
8564
513
8564
756
513
8564
8564
8564
810
949
8564
513
8564
513
8564
513
8564
564
513
670
8564
513
8564
513
8564
513
8564
513
8564
513
8564
513
8564
513
8564
513
8564
513
8564
513
8564
513
8564
216
8564
198
8564
8564
204
216
8564
8564
8564
8564
8564
653
8564
8564
8564
8564
8564
8564
8564
8564
8564
824
198
204
756
8564
204
8564
8564
198
204
198
8564
204
8564
4772
8564
8564
8564
198
204
8564
198
8564
204
8564
8564
824
216
8564
824
216
824
216
8564
8564
8564
8564
8564
8564
198
204
198
8564
204
481
8564
8564
824
756
8564
204
216
513
8564
8564
8564
8564
724
234
472
257
513
8564
8564
647
257
8564
481
8564
1345
1345
1345
8564
1345
4783
513
8564
8564
8564
8564
198
8564
204
824
198
8564
204
513
8564
8564
8564
8564
198
204
8564
513
8564
8564
513
8564
513
8564
8564
513
8564
513
8564
216
8564
8564
412
8564
204
824
756
204
198
204
8564
198
8564
204
8564
198
8564
204
8564
8564
8564
198
8564
8564
204
8564
8564
216
8564
257
824
257
513
513
670
8564
8564
647
8564
8564
8564
204
8564
257
8564
824
216
513
8564
8564
8564
8564
513
8564
8564
8564
8564
253
8564
8564
8564
198
8564
204
513
8564
8564
513
8564
8564
412
204
513
513
670
8564
8564
647
8564
757
8564
8564
216
8564
513
8564
8564
8564
8564
198
8564
204
824
8564
216
513
8564
8564
8564
216
547
198
472
8564
216
8564
1345
1345
1345
1345
8564
1345
1345
1345
4783
8564
756
8564
204
8564
513
8564
513
8564
8564
513
8564
513
8564
513
8564
8564
513
8564
513
8564
513
8564
513
8564
513
8564
8564
216
8564
198
204
824
8564
216
8564
756
8564
204
8564
513
675
670
8564
8564
8564
8564
8564
8564
8564
8564
8564
409
198
8564
8564
204
8564
8564
8564
8564
216
8564
257
8564
412
8564
8564
8564
8564
8564
8564
8564
204
824
8564
216
8564
1345
1345
1345
1345
8564
1345
1345
4783
8564
8564
756
756
424
8564
204
8564
513
8564
8564
8564
513
8564
513
8564
513
8564
513
8564
8564
513
8564
8564
8564
216
8564
253
8564
824
8564
547
8564
756
8564
204
513
8564
496
8564
8564
8564
204
8564
8564
8564
8564
8564
675
670
8564
8564
8564
8564
8564
824
198
8564
8564
204
8564
257
8564
1345
1345
8564
4783
824
513
8564
8564
198
8564
204
8564
513
8564
8564
8564
8564
198
8564
204
824
513
8564
8564
8564
8564
198
8564
204
824
8564
216
8564
257
824
216
8564
1345
8564
4783
824
513
8564
8564
8564
8564
253
8564
513
8564
8564
8564
8564
824
257
8564
1345
1345
8564
4783
8564
8564
8564
8564
8564
8564
8564
8564
8564
8564
547
8564
8564
8564
8564
8564
8564
198
8564
204
8564
8564
8564
198
8564
204
8564
824
8564
216
8564
257
824
216
8564
1345
8564
4783
824
513
8564
8564
513
8564
8564
8564
8564
257
8564
1345
8564
4783
824
257
8564
1345
1345
1345
1345
1345
1345
1345
1345
1345
1345
1345
1345
1345
1345
1345
1345
1345
1345
1345
1345
1345
1345
1345
1345
1345
8564
1345
4783
513
8564
513
8564
8564
8564
8564
198
204
513
8564
8564
513
8564
8564
8564
8564
8564
8564
8564
198
8564
8564
204
513
8564
8564
8564
8564
198
8564
204
8564
8564
513
8564
8564
513
8564
513
8564
513
8564
8564
513
8564
513
8564
513
8564
513
8564
513
8564
8564
216
513
8564
8564
8564
8564
198
8564
204
198
756
8564
8564
8564
204
8564
513
8564
8564
8564
8564
198
8564
204
8564
8564
216
8564
513
8564
8564
8564
8564
198
8564
204
513
8564
8564
8564
8564
675
4621
8564
8564
8564
8564
8564
8564
204
8564
8564
547
198
8564
204
547
198
8564
204
8564
547
198
8564
204
547
198
8564
204
547
198
8564
204
513
8564
8564
8564
8564
198
204
513
8564
8564
8564
8564
8564
8564
198
8564
204
8564
8564
513
8564
8564
8564
8564
198
8564
8564
8564
8564
8564
204
8564
8564
513
8564
8564
8564
8564
198
204
756
8564
8564
204
8564
8564
513
8564
8564
8564
8564
513
8564
8564
8564
8564
253
8564
8564
216
8564
198
204
8564
824
8564
824
513
8564
8564
8564
8564
8564
8564
8564
198
204
8564
8564
513
8564
8564
8564
8564
8564
8564
234
8564
8564
204
8564
8564
8564
8564
198
8564
204
513
8564
8564
8564
8564
198
204
824
8564
513
8564
8564
8564
8564
198
8564
8564
204
824
198
8564
204
8564
513
8564
8564
8564
8564
547
198
8564
204
8564
513
8564
8564
8564
8564
198
8564
204
8564
257
8564
824
8564
513
8564
8564
8564
8564
675
4621
8564
8564
8564
8564
8564
204
8564
8564
513
8564
8564
8564
8564
8564
824
198
8564
204
8564
8564
547
198
8564
204
824
216
513
8564
8564
513
8564
8564
8564
8564
513
8564
8564
8564
8564
8564
198
8564
204
8564
513
8564
8564
8564
8564
547
198
8564
204
8564
8564
824
8564
8564
513
8564
8564
8564
8564
198
8564
8564
8564
8564
204
8564
8564
8564
8564
824
8564
8564
8564
8564
216
513
8564
8564
8564
8564
8564
824
631
8564
8564
204
8564
8564
547
198
204
8564
198
8564
204
8564
8564
8564
234
8564
204
8564
824
631
8564
8564
204
8564
8564
513
8564
8564
8564
8564
547
198
8564
8564
8564
8564
204
8564
8564
8564
216
8564
8564
8564
824
513
8564
8564
8564
8564
8564
8564
216
8564
8564
8564
198
756
8564
8564
8564
8564
204
8564
8564
8564
216
8564
513
8564
8564
8564
8564
8564
8564
234
204
824
8564
8564
216
513
8564
8564
8564
8564
513
8564
8564
8564
8564
253
8564
216
824
8564
216
8564
198
8564
204
8564
8564
824
8564
8564
8564
216
8564
8564
824
8564
8564
216
824
8564
8564
216
8564
198
8564
204
8564
8564
824
8564
8564
8564
216
513
8564
8564
513
8564
8564
8564
8564
513
513
8564
8564
8564
8564
8564
8564
8564
547
198
204
253
8564
513
8564
8564
8564
8564
8564
513
8564
8564
8564
8564
198
8564
8564
204
824
257
513
8564
8564
8564
8564
8564
824
513
8564
8564
8564
8564
198
8564
204
513
8564
8564
8564
8564
8564
824
8564
8564
547
198
8564
204
824
216
513
8564
8564
8564
8564
8564
824
198
8564
8564
547
198
8564
204
547
198
8564
204
824
231
232
513
8564
8564
8564
8564
513
8564
8564
8564
824
824
513
8564
8564
8564
8564
198
8564
8564
204
8564
1345
1345
1345
8564
4783
513
8564
8564
8564
8564
547
198
8564
204
675
4621
8564
204
547
198
8564
204
547
198
8564
204
547
198
204
513
8564
8564
547
8564
8564
8564
8564
216
824
8564
8564
216
8564
547
198
204
547
8564
216
513
8564
8564
8564
8564
8564
216
8564
257
547
8564
8564
216
824
8564
8564
216
547
198
8564
204
547
8564
8564
216
8564
1345
8564
4783
513
8564
8564
8564
8564
8564
824
824
824
824
824
824
824
824
824
824
8564
257
8564
1345
8564
4783
8564
8564
8564
8564
8564
8564
8564
257
8564
1345
8564
1345
1345
1345
1345
1345
1345
1345
1345
1345
1345
1345
8564
1345
1345
1345
8564
1345
1345
1345
1345
1345
1345
1345
1345
1345
1345
1345
1345
8564
8564
1345
8564
4783
8564
198
8564
204
4108
858
198
8564
8564
204
513
8564
8564
513
8564
8564
687
8564
8564
8564
8564
8564
8564
8564
8564
8564
204
8564
8564
8564
8564
216
198
8564
8564
8564
204
8564
8564
513
8564
8564
8564
8564
198
8564
204
513
8564
8564
513
8564
8564
8564
8564
8564
8564
756
8564
8564
8564
8564
8564
8564
204
8564
8564
8564
8564
756
8564
204
8564
8564
8564
756
8564
8564
8564
8564
204
8564
8564
513
8564
8564
8564
8564
198
8564
8564
8564
204
8564
8564
513
8564
8564
8564
8564
198
8564
8564
204
513
8564
8564
8564
216
8564
513
8564
8564
680
8564
8564
257
513
8564
8564
513
8564
8564
824
8564
8564
8564
8564
8564
8564
216
8564
8564
425
8564
8564
8564
8564
204
8564
8564
8564
8564
8564
216
8564
8564
198
756
8564
8564
8564
8564
8564
204
8564
8564
8564
216
8564
8564
8564
8564
8564
216
8564
513
8564
8564
198
204
198
756
8564
8564
8564
8564
8564
8564
204
513
8564
8564
198
204
513
513
8564
8564
824
8564
8564
8564
425
8564
8564
8564
8564
204
513
8564
8564
513
8564
8564
8564
8564
8564
8564
8564
8564
216
8564
8564
824
198
204
8564
8564
8564
8564
8564
216
8564
756
8564
8564
8564
204
8564
8564
8564
8564
8564
8564
8564
8564
8564
216
513
8564
8564
513
8564
8564
8564
8564
8564
8564
8564
8564
8564
216
513
513
8564
8564
824
198
204
513
8564
8564
513
8564
8564
8564
8564
8564
8564
8564
216
8564
198
756
8564
8564
8564
8564
204
198
756
8564
8564
8564
8564
8564
8564
8564
8564
8564
8564
8564
204
8564
8564
8564
513
8564
8564
198
8564
8564
8564
204
824
8564
8564
8564
8564
8564
8564
8564
8564
216
8564
8564
8564
216
8564
8564
8564
216
8564
1345
8564
8564
4783
198
204
8564
8564
8564
8564
8564
8564
8564
216
198
204
8564
8564
8564
8564
8564
8564
8564
216
257
8564
1345
8564
4783
8564
8564
8564
8564
8564
8564
8564
824
257
8564
1345
8564
4783
8564
8564
8564
8564
8564
8564
8564
824
257
8564
1345
1345
8564
4783
8564
8564
8564
8564
8564
8564
8564
8564
8564
8564
8564
8564
8564
8564
8564
8564
8564
824
8564
8564
8564
8564
8564
198
8564
204
8564
412
204
8564
8564
8564
8564
8564
8564
8564
8564
412
204
824
8564
216
8564
257
8564
8564
8564
8564
8564
547
198
8564
8564
204
824
8564
216
8564
412
8564
204
8564
8564
8564
8564
8564
8564
8564
8564
412
8564
204
8564
1345
1345
1345
8564
1345
4783
513
8564
8564
198
204
8564
8564
8564
513
513
8564
513
8564
513
8564
8564
216
198
204
536
564
670
8564
8564
8564
8564
216
8564
8564
8564
8564
700
8564
204
8564
8564
8564
198
8564
204
564
513
670
8564
8564
8564
8564
257
481
8564
1345
8564
4783
513
8564
8564
8564
8564
8564
8564
8564
257
8564
1345
1345
1345
8564
1345
4783
8564
513
8564
8564
8564
8564
198
756
204
204
513
8564
8564
513
8564
8564
513
8564
8564
513
8564
8564
824
513
8564
8564
198
8564
8564
204
8564
8564
513
8564
8564
8564
824
8564
412
8564
8564
204
481
204
513
8564
8564
8564
513
8564
513
8564
513
8564
8564
216
8564
8564
8564
513
8564
8564
8564
412
8564
8564
204
8564
1345
8564
4783
513
8564
8564
8564
8564
8564
8564
481
8564
1345
8564
4783
824
257
8564
1345
1345
8564
4783
513
8564
8564
8564
8564
198
8564
204
513
8564
8564
8564
8564
8564
409
8564
257
513
8564
8564
198
204
824
481
513
8564
8564
8564
8564
8564
8564
8564
8564
8564
481
8564
1345
1345
8564
4783
8564
8564
8564
198
8564
204
8564
8564
8564
198
8564
204
824
8564
216
8564
257
8564
1345
1345
8564
4783
8564
8564
8564
198
8564
204
8564
8564
8564
198
8564
204
824
8564
216
8564
257
8564
1345
8564
8564
4783
198
8564
472
670
8564
8564
824
198
204
8564
8564
234
8564
204
8564
8564
481
4972
824
8564
8564
824
8564
670
8564
8564
481
8564
1345
1345
8564
1345
1345
1345
1345
1345
1345
1345
8564
8564
1345
1345
8564
8564
1345
1345
1345
1345
8564
1345
4783
8564
198
204
513
8564
8564
8564
8564
513
8564
8564
8564
8564
513
8564
8564
8564
8564
513
8564
8564
8564
8564
513
8564
8564
8564
8564
198
8564
8564
204
8564
8564
8564
8564
8564
216
8564
198
204
8564
8564
234
8564
8564
204
8564
513
8564
8564
513
8564
8564
8564
8564
412
8564
204
513
8564
8564
198
204
513
8564
8564
8564
216
513
8564
8564
198
204
513
8564
8564
8564
216
513
8564
8564
513
8564
8564
8564
8564
513
8564
8564
513
8564
8564
8564
8564
8564
8564
756
8564
204
8564
756
204
8564
513
8564
513
8564
8564
8564
8564
8564
216
8564
8564
8564
8564
680
8564
8564
8564
216
8564
8564
8564
513
8564
8564
513
8564
8564
513
8564
8564
513
8564
8564
513
8564
8564
513
8564
8564
8564
8564
513
513
8564
8564
8564
8564
513
8564
8564
8564
8564
513
8564
8564
513
8564
8564
513
8564
8564
513
8564
8564
513
8564
8564
8564
8564
513
8564
8564
513
8564
8564
513
8564
8564
513
8564
8564
513
8564
8564
8564
8564
513
8564
8564
513
8564
8564
8564
8564
513
8564
8564
8564
8564
513
8564
8564
8564
8564
513
8564
8564
8564
8564
513
8564
8564
513
8564
8564
513
8564
8564
513
8564
8564
513
8564
8564
513
8564
8564
513
8564
8564
8564
8564
513
8564
8564
513
8564
8564
8564
8564
513
8564
8564
8564
8564
513
8564
8564
8564
8564
8564
8564
824
8564
8564
824
513
8564
8564
513
8564
8564
8564
8564
513
8564
8564
513
8564
8564
8564
8564
513
8564
8564
8564
8564
8564
481
513
8564
8564
513
8564
8564
513
8564
8564
824
8564
198
756
8564
8564
8564
204
8564
8564
8564
8564
8564
216
8564
8564
234
8564
8564
8564
204
8564
513
8564
8564
513
8564
8564
8564
8564
412
8564
8564
204
8564
513
8564
8564
198
8564
204
8564
513
8564
8564
198
513
8564
8564
8564
204
8564
8564
513
8564
8564
513
8564
8564
8564
824
513
8564
8564
198
8564
204
513
513
513
513
8564
8564
513
8564
8564
824
8564
8564
8564
412
8564
8564
204
8564
513
8564
8564
8564
8564
513
8564
8564
824
8564
8564
8564
412
8564
8564
204
513
8564
8564
513
8564
8564
8564
8564
198
8564
204
8564
8564
8564
216
8564
513
8564
8564
8564
8564
513
8564
8564
8564
8564
513
8564
8564
8564
8564
513
8564
8564
8564
8564
513
8564
8564
8564
8564
513
8564
8564
8564
8564
198
204
513
8564
824
198
8564
204
8564
513
8564
8564
8564
8564
513
8564
8564
8564
8564
756
204
513
8564
8564
8564
8564
756
204
513
8564
8564
8564
8564
198
204
8564
513
8564
8564
8564
8564
513
8564
824
198
612
513
8564
8564
204
513
8564
8564
513
8564
8564
216
824
824
824
513
8564
8564
198
204
513
8564
8564
8564
8564
513
8564
8564
8564
8564
216
513
8564
8564
8564
8564
824
513
8564
8564
8564
8564
824
481
513
8564
216
8564
756
8564
8564
8564
8564
204
824
513
8564
8564
8564
8564
513
8564
8564
8564
8564
513
8564
8564
8564
8564
513
8564
8564
8564
8564
513
8564
8564
8564
8564
198
8564
8564
8564
8564
204
8564
513
8564
8564
8564
824
216
513
8564
8564
8564
8564
198
8564
204
513
8564
8564
8564
8564
198
8564
612
8564
216
513
8564
216
513
8564
824
198
612
8564
216
8564
824
8564
8564
8564
8564
216
824
8564
8564
216
8564
1345
1345
1345
1345
1345
1345
8564
4783
513
8564
8564
8564
8564
198
8564
204
756
204
513
8564
8564
8564
8564
756
8564
204
8564
8564
513
8564
8564
198
8564
8564
8564
8564
204
8564
8564
680
513
8564
8564
8564
8564
8564
216
8564
257
513
8564
8564
8564
216
8564
756
8564
204
513
8564
8564
8564
8564
8564
216
824
8564
216
513
8564
8564
8564
8564
8564
8564
216
8564
1345
8564
4783
824
257
8564
8564
257
8564
1345
8564
4783
513
8564
8564
8564
8564
513
8564
8564
8564
8564
824
481
8564
1345
1345
8564
4783
513
8564
8564
8564
8564
198
8564
204
513
8564
8564
8564
8564
198
8564
204
824
8564
216
8564
257
8564
1345
1345
8564
4783
513
8564
8564
8564
8564
198
8564
204
513
8564
8564
8564
8564
198
8564
204
824
8564
216
8564
257
8564
1345
1345
8564
4783
8564
8564
8564
198
8564
204
8564
8564
8564
198
8564
204
824
8564
8564
8564
8564
216
8564
257
8564
1345
1345
8564
4783
513
8564
8564
198
8564
204
513
8564
8564
198
8564
204
513
8564
8564
198
8564
8564
204
8564
257
824
8564
257
8564
1345
1345
8564
4783
198
8564
204
513
8564
8564
198
8564
204
824
8564
216
8564
257
513
8564
8564
198
8564
8564
204
8564
1345
1345
8564
4783
513
8564
8564
198
8564
204
513
8564
8564
198
8564
204
198
204
198
204
824
8564
216
8564
257
513
8564
8564
8564
8564
412
8564
204
198
8564
204
824
257
8564
1345
1345
1345
1345
1345
8564
1345
4783
8564
198
204
8564
8564
234
204
4972
198
204
513
8564
8564
513
8564
8564
8564
8564
670
8564
8564
394
8564
204
8564
513
8564
8564
513
8564
8564
8564
8564
496
8564
8564
8564
204
8564
8564
670
8564
8564
670
8564
8564
8564
513
496
8564
8564
204
8564
8564
670
8564
8564
513
8564
8564
8564
8564
198
204
8564
8564
216
8564
670
8564
513
8564
8564
8564
8564
670
8564
8564
670
8564
8564
216
513
8564
8564
257
198
204
824
8564
8564
216
513
8564
8564
8564
8564
198
204
513
8564
8564
198
8564
204
8564
513
8564
8564
412
8564
204
513
8564
8564
765
425
204
513
8564
8564
216
824
8564
8564
216
8564
1345
8564
513
8564
8564
513
8564
8564
8564
8564
8564
8564
496
204
8564
216
513
198
8564
204
513
8564
8564
8564
8564
394
204
756
8564
204
8564
257
756
8564
204
8564
216
8564
257
8564
257
8564
8564
513
8564
8564
513
8564
8564
8564
8564
8564
8564
496
204
756
204
257
8564
257
8564
257
8564
1345
1345
1345
1345
8564
4783
496
810
810
513
8564
8564
8564
8564
496
8564
8564
204
765
885
885
773
756
198
756
8564
8564
8564
810
8564
8564
216
8564
8564
756
8564
599
824
8564
765
513
8564
8564
765
496
204
8564
8564
216
8564
8564
670
670
8564
8564
8564
8564
8564
513
765
496
8564
204
513
8564
8564
8564
8564
198
204
824
216
8564
8564
8564
765
8564
670
8564
8564
824
257
824
216
8564
1345
1345
8564
4783
824
496
204
513
8564
8564
8564
8564
8564
8564
234
8564
204
824
8564
216
8564
824
257
824
216
8564
1345
8564
4783
8564
4972
8564
8564
8564
8564
8564
394
204
8564
8564
8564
8564
8564
8564
5012
8564
8564
8564
8564
8564
198
204
824
216
824
257
824
216
8564
1345
1345
1345
8564
4783
824
513
8564
8564
8564
8564
394
8564
8564
204
513
8564
8564
8564
8564
198
8564
8564
204
8564
8564
756
204
765
885
885
773
756
198
756
8564
8564
8564
810
257
513
8564
8564
513
8564
8564
8564
8564
412
8564
8564
8564
204
824
8564
8564
8564
216
8564
198
756
8564
8564
8564
757
257
8564
1345
1345
1345
1345
8564
1345
4783
513
8564
8564
8564
8564
756
8564
204
198
756
8564
8564
8564
204
8564
513
8564
8564
513
8564
513
8564
8564
513
8564
8564
8564
216
8564
8564
513
8564
8564
8564
8564
824
198
756
8564
8564
8564
756
424
8564
8564
204
8564
204
481
8564
425
599
257
8564
1345
1345
1345
8564
4783
756
204
198
513
8564
8564
8564
8564
8564
204
394
204
765
8564
8564
216
8564
257
8564
824
8564
8564
216
8564
756
8564
8564
204
8564
481
824
8564
216
8564
1345
1345
1345
1345
1345
8564
4783
756
204
198
513
8564
8564
204
513
8564
8564
8564
8564
8564
8564
756
8564
204
513
8564
8564
8564
8564
198
8564
8564
204
513
8564
8564
8564
8564
216
8564
765
8564
216
670
8564
394
204
8564
8564
216
8564
756
8564
8564
204
8564
8564
8564
216
8564
257
8564
8564
8564
216
8564
824
8564
8564
216
824
8564
216
8564
1345
1345
1345
1345
8564
1345
4783
824
198
204
513
8564
8564
8564
8564
198
8564
204
756
204
198
8564
204
8564
513
8564
8564
8564
8564
198
756
8564
8564
8564
204
513
8564
8564
513
8564
513
8564
8564
513
8564
8564
8564
216
8564
8564
513
8564
8564
8564
8564
824
198
756
8564
8564
8564
756
424
8564
8564
204
204
513
8564
8564
8564
8564
8564
216
8564
257
824
257
513
8564
8564
8564
8564
824
257
824
8564
216
8564
1345
1345
8564
4783
824
198
204
8564
8564
8564
8564
8564
198
8564
204
756
204
198
8564
204
8564
8564
8564
8564
8564
8564
8564
8564
8564
8564
412
204
824
8564
412
204
8564
8564
216
8564
257
824
257
824
8564
8564
216
8564
8564
8564
8564
8564
198
8564
204
824
8564
216
824
8564
216
8564
1345
8564
4783
824
257
8564
8564
257
8564
1345
8564
4783
824
257
8564
824
257
8564
8564
8564
8564
8564
8564
8564
481
8564
8564
513
8564
8564
513
8564
8564
8564
8564
8564
8564
481
8564
1345
1345
1345
1345
1345
8564
1345
4783
756
204
198
8564
204
513
8564
8564
8564
8564
198
8564
204
8564
513
8564
8564
513
8564
513
8564
8564
513
8564
513
8564
513
8564
513
8564
513
8564
216
824
630
204
8564
8564
8564
198
204
8564
513
8564
216
8564
8564
8564
8564
824
8564
824
198
8564
204
8564
756
8564
204
824
630
204
8564
8564
8564
198
8564
204
8564
8564
8564
8564
8564
824
8564
216
8564
8564
216
8564
198
8564
204
8564
8564
216
8564
513
8564
216
8564
8564
8564
8564
824
8564
824
198
204
198
8564
8564
204
824
630
204
8564
8564
8564
198
8564
204
8564
8564
8564
8564
8564
824
8564
216
8564
513
198
8564
8564
204
8564
198
8564
8564
204
8564
257
824
8564
216
8564
1345
1345
1345
1345
1345
1345
1345
1345
8564
1345
4783
756
204
198
8564
204
8564
513
8564
8564
513
8564
8564
8564
8564
513
8564
513
8564
513
8564
513
8564
513
8564
513
8564
513
8564
513
8564
513
8564
216
8564
8564
496
8564
204
412
8564
204
8564
8564
8564
8564
8564
824
8564
824
198
204
8564
8564
8564
8564
216
8564
8564
394
8564
204
412
8564
204
824
630
204
8564
8564
8564
198
204
8564
513
8564
216
8564
8564
8564
8564
8564
394
204
8564
8564
8564
824
8564
824
198
204
8564
513
8564
8564
394
8564
204
824
630
204
8564
8564
8564
198
8564
204
8564
8564
8564
8564
8564
8564
824
8564
8564
394
8564
204
8564
8564
8564
8564
824
8564
824
198
204
8564
513
198
8564
8564
8564
204
8564
257
8564
8564
8564
216
824
630
204
8564
8564
8564
198
204
8564
513
8564
216
8564
8564
8564
394
8564
8564
204
8564
8564
8564
824
8564
824
198
8564
204
824
630
204
8564
8564
8564
198
8564
204
8564
8564
8564
8564
8564
8564
824
8564
216
8564
8564
8564
8564
8564
8564
824
8564
216
824
8564
216
8564
1345
1345
1345
1345
1345
1345
1345
1345
1345
1345
1345
1345
1345
1345
1345
8564
8564
8564
1345
4783
513
8564
8564
8564
8564
824
513
630
204
8564
756
8564
810
810
824
394
513
8564
204
513
8564
513
8564
513
8564
513
8564
513
8564
513
8564
513
8564
513
8564
513
8564
513
8564
513
8564
513
513
8564
513
8564
513
8564
513
513
8564
513
8564
513
8564
8564
216
8564
198
204
824
198
204
8564
8564
8564
198
204
8564
198
204
8564
8564
8564
8564
8564
564
253
670
8564
8564
8564
234
8564
204
8564
8564
8564
8564
564
670
8564
8564
8564
216
8564
8564
8564
8564
675
670
8564
8564
8564
216
8564
8564
394
8564
204
8564
8564
8564
8564
8564
8564
824
824
630
204
8564
8564
8564
198
204
513
8564
216
8564
8564
824
198
8564
204
8564
8564
394
8564
204
8564
8564
216
513
8564
8564
8564
8564
8564
481
8564
8564
8564
8564
8564
8564
8564
824
8564
216
8564
198
824
198
204
204
8564
8564
8564
198
8564
204
8564
216
8564
204
8564
8564
8564
198
204
8564
8564
8564
8564
8564
564
253
670
8564
8564
724
234
8564
204
8564
8564
8564
8564
564
670
8564
8564
8564
216
8564
8564
216
8564
8564
765
8564
8564
8564
8564
670
8564
8564
8564
8564
631
204
198
204
8564
8564
216
8564
8564
198
8564
8564
204
8564
8564
8564
8564
198
8564
204
8564
8564
8564
8564
8564
216
8564
8564
412
8564
204
8564
8564
8564
8564
8564
8564
8564
8564
756
8564
204
8564
8564
8564
8564
670
8564
8564
216
8564
8564
756
204
670
8564
8564
216
8564
412
204
8564
8564
8564
771
204
251
8564
204
8564
198
8564
8564
8564
8564
204
8564
8564
8564
8564
198
8564
204
8564
8564
8564
8564
8564
216
8564
8564
8564
670
8564
8564
1011
8564
8564
216
824
481
8564
216
564
879
670
765
670
8564
824
8564
8564
8564
8564
8564
8564
670
8564
765
8564
765
8564
670
8564
670
8564
8564
8564
8564
8564
8564
8564
8564
8564
8564
216
8564
765
8564
8564
670
8564
670
8564
8564
670
8564
8564
8564
8564
670
8564
8564
8564
216
8564
8564
8564
8564
8564
8564
8564
8564
765
8564
765
8564
8564
670
670
8564
8564
8564
8564
216
8564
8564
8564
8564
8564
8564
216
8564
8564
8564
8564
8564
8564
8564
8564
8564
756
8564
8564
204
8564
8564
8564
8564
8564
670
8564
8564
8564
8564
8564
8564
8564
8564
216
8564
1345
8564
4783
824
8564
8564
8564
8564
8564
481
8564
1345
8564
4783
824
824
8564
8564
8564
8564
8564
481
8564
1345
8564
4783
824
257
8564
1345
8564
4783
824
257
8564
1345
8564
4783
513
8564
8564
8564
8564
253
8564
216
824
547
198
204
8564
547
8564
756
612
257
8564
1345
1345
1345
1345
1345
8564
4783
513
8564
8564
8564
8564
253
8564
824
8564
547
8564
756
8564
204
8564
8564
8564
8564
564
253
670
8564
8564
724
234
8564
204
198
8564
204
8564
8564
8564
496
204
198
204
198
8564
204
824
630
204
513
8564
8564
8564
8564
198
204
824
481
8564
8564
8564
564
670
8564
8564
198
8564
8564
8564
8564
204
824
481
198
8564
204
824
8564
216
8564
257
824
481
824
630
204
513
8564
8564
8564
8564
198
204
824
481
824
8564
216
824
8564
216
8564
1345
1345
1345
1345
1345
1345
1345
1345
1345
1345
1345
1345
8564
8564
1345
1345
1345
1345
1345
8564
8564
1345
1345
1345
8564
8564
1345
1345
1345
4783
756
8564
204
8564
824
198
204
513
8564
8564
8564
8564
198
8564
204
513
8564
8564
8564
8564
198
4621
8564
424
204
8564
8564
8564
756
8564
204
8564
513
8564
8564
8564
8564
8564
513
8564
8564
8564
513
513
513
8564
8564
670
8564
8564
8564
8564
8564
8564
8564
996
8564
8564
8564
318
8564
8564
513
513
670
8564
8564
8564
630
8564
204
8564
204
8564
564
513
8564
8564
253
513
8564
8564
824
8564
198
756
8564
8564
8564
8564
8564
8564
8564
8564
8564
8564
8564
8564
8564
204
8564
513
8564
204
8564
204
824
198
204
513
8564
8564
8564
8564
198
204
513
8564
8564
8564
8564
547
198
8564
204
824
198
8564
204
513
8564
8564
513
8564
8564
513
8564
8564
513
8564
8564
824
8564
216
8564
257
8564
824
513
8564
513
8564
8564
8564
8564
8564
8564
216
8564
8564
8564
8564
8564
513
513
8564
8564
8564
8564
198
513
8564
513
8564
8564
216
8564
670
8564
8564
513
8564
394
8564
204
8564
204
670
670
8564
8564
8564
8564
8564
8564
394
8564
204
8564
8564
216
8564
8564
8564
8564
8564
8564
216
8564
8564
8564
8564
8564
8564
8564
8564
216
8564
8564
8564
8564
885
773
756
198
756
8564
424
8564
680
670
8564
8564
8564
824
765
198
8564
204
8564
8564
8564
216
8564
824
513
8564
8564
257
513
8564
824
8564
8564
216
8564
8564
513
513
8564
8564
8564
198
513
8564
513
8564
513
8564
513
8564
8564
216
8564
670
8564
8564
513
8564
496
8564
8564
8564
204
8564
204
670
670
8564
8564
8564
8564
8564
8564
496
8564
8564
8564
204
8564
8564
216
8564
8564
670
8564
8564
513
8564
8564
513
8564
8564
824
8564
824
481
8564
8564
8564
216
513
630
8564
204
513
513
8564
8564
824
513
8564
8564
8564
8564
216
513
8564
8564
8564
216
513
513
8564
8564
824
513
8564
8564
8564
216
513
8564
8564
8564
8564
630
204
8564
204
8564
824
513
8564
513
8564
8564
8564
8564
8564
8564
216
8564
8564
8564
8564
216
513
8564
8564
513
8564
8564
824
8564
216
8564
8564
8564
513
8564
8564
8564
8564
8564
8564
216
680
513
8564
824
198
756
8564
8564
8564
8564
8564
8564
8564
204
8564
824
8564
8564
216
8564
1345
8564
4783
513
8564
8564
8564
8564
253
8564
824
8564
547
756
8564
204
547
198
8564
204
547
198
204
824
257
824
8564
547
198
8564
204
824
216
481
8564
1345
1345
8564
4783
8564
8564
756
204
198
513
8564
8564
8564
8564
513
8564
8564
8564
8564
8564
8564
204
8564
257
824
257
513
8564
824
513
8564
8564
8564
8564
8564
756
198
8564
8564
204
513
8564
8564
8564
8564
257
8564
1345
1345
1345
8564
4783
8564
8564
8564
8564
8564
547
198
204
824
8564
8564
8564
8564
8564
8564
8564
8564
8564
8564
8564
8564
216
8564
257
824
8564
547
198
8564
204
756
8564
204
824
257
8564
513
198
8564
8564
204
824
198
8564
204
8564
1345
8564
4783
824
257
8564
481
8564
1345
1345
8564
8564
8564
8564
1345
8564
1345
4783
513
8564
8564
8564
8564
198
204
8564
756
204
513
8564
8564
513
8564
513
8564
513
8564
8564
513
8564
513
8564
8564
216
8564
513
8564
8564
8564
824
8564
8564
8564
670
8564
8564
1011
8564
824
8564
670
8564
8564
412
8564
8564
204
824
8564
756
8564
8564
204
8564
8564
8564
8564
513
8564
8564
8564
824
513
8564
8564
8564
8564
8564
394
8564
8564
8564
204
824
481
824
216
513
8564
8564
8564
8564
198
8564
204
513
8564
513
8564
8564
8564
216
8564
513
8564
8564
513
8564
8564
513
8564
8564
824
513
8564
8564
8564
8564
8564
394
8564
8564
8564
204
8564
8564
8564
8564
513
8564
8564
8564
824
8564
216
824
481
8564
1345
1345
1345
1345
8564
1345
4783
756
204
8564
8564
8564
8564
8564
8564
8564
8564
8564
8564
412
204
756
204
824
630
204
8564
8564
8564
8564
8564
198
204
824
216
824
8564
8564
216
8564
257
8564
8564
8564
8564
8564
198
8564
204
824
630
204
8564
8564
8564
8564
8564
198
204
8564
513
8564
8564
216
8564
8564
8564
513
8564
8564
513
8564
8564
513
8564
8564
824
8564
257
824
216
824
8564
216
824
8564
216
824
8564
8564
8564
216
8564
8564
257
8564
1345
1345
8564
1345
4783
756
204
824
630
513
8564
204
8564
8564
8564
198
204
8564
824
8564
513
8564
8564
513
8564
8564
513
8564
8564
513
513
8564
8564
513
8564
513
8564
513
8564
513
8564
8564
8564
8564
216
8564
412
204
8564
824
630
204
8564
8564
8564
198
204
8564
8564
8564
824
216
8564
8564
394
513
204
8564
8564
8564
824
8564
412
8564
204
8564
216
824
481
8564
8564
824
216
824
216
824
756
8564
204
481
8564
1345
1345
1345
1345
1345
1345
8564
1345
4783
8564
8564
8564
8564
8564
198
204
824
8564
216
8564
8564
8564
8564
8564
8564
198
8564
204
8564
513
8564
513
8564
513
8564
8564
8564
8564
8564
513
8564
8564
8564
8564
216
8564
8564
8564
8564
198
8564
8564
204
8564
8564
8564
547
198
8564
8564
204
824
198
8564
8564
204
8564
824
198
8564
204
824
756
204
8564
8564
8564
8564
564
670
8564
8564
234
8564
204
8564
513
8564
8564
412
8564
204
8564
198
8564
8564
204
824
198
8564
8564
204
8564
8564
8564
8564
653
198
8564
8564
204
8564
8564
198
8564
8564
204
8564
257
824
198
8564
8564
8564
204
8564
8564
204
8564
8564
8564
8564
8564
8564
8564
824
8564
8564
8564
8564
8564
8564
8564
8564
8564
8564
8564
8564
8564
8564
824
257
824
8564
216
8564
1345
1345
8564
4783
756
204
513
8564
8564
8564
8564
198
204
425
204
513
8564
8564
8564
8564
198
204
824
824
8564
216
8564
257
824
198
204
513
8564
8564
8564
8564
198
204
513
8564
8564
8564
8564
8564
513
8564
670
8564
8564
824
513
8564
8564
8564
8564
8564
412
8564
8564
204
8564
647
8564
8564
564
253
670
8564
8564
724
234
8564
204
513
8564
8564
8564
8564
198
8564
8564
204
824
481
824
8564
216
824
8564
824
8564
216
824
824
8564
216
8564
1345
1345
8564
4783
756
204
8564
8564
8564
8564
8564
198
204
8564
8564
8564
8564
8564
198
204
824
8564
216
8564
257
824
257
824
481
824
8564
216
8564
1345
1345
8564
4783
513
8564
8564
8564
8564
198
204
513
8564
8564
8564
8564
412
204
824
8564
216
8564
257
824
8564
216
8564
1345
1345
1345
1345
1345
1345
1345
1345
1345
8564
1345
1345
1345
8564
4783
513
8564
8564
8564
8564
198
204
513
8564
8564
8564
8564
513
670
8564
8564
681
234
8564
8564
8564
204
513
198
8564
8564
204
8564
670
8564
8564
8564
1347
513
198
8564
8564
204
8564
513
8564
8564
8564
8564
394
8564
204
8564
670
8564
8564
234
8564
8564
8564
8564
8564
8564
8564
204
8564
8564
8564
8564
234
8564
8564
8564
8564
8564
204
8564
8564
8564
513
412
8564
8564
8564
204
8564
670
8564
8564
8564
1347
513
412
8564
8564
8564
204
8564
412
8564
204
824
8564
8564
216
8564
756
8564
204
8564
216
481
513
8564
8564
8564
8564
756
204
513
8564
8564
8564
8564
8564
8564
234
8564
8564
8564
8564
8564
8564
8564
8564
204
8564
1345
1345
8564
4783
513
8564
8564
8564
8564
198
204
513
8564
8564
8564
8564
412
204
824
8564
216
8564
257
824
8564
216
8564
824
257
8564
824
257
8564
824
257
8564
1345
8564
4783
198
8564
204
257
513
8564
8564
8564
8564
513
8564
8564
8564
8564
824
8564
824
8564
824
8564
824
412
204
8564
394
204
824
824
824
8564
824
824
8564
824
824
8564
8564
824
824
824
481
824
8564
481
8564
1345
1345
1345
1345
1345
1345
1345
1345
8564
1345
1345
8564
1345
4783
198
8564
204
8564
8564
8564
8564
8564
198
204
8564
8564
8564
8564
8564
756
204
8564
824
8564
8564
412
8564
8564
8564
8564
8564
204
8564
8564
513
8564
8564
824
8564
630
204
8564
8564
8564
8564
8564
198
204
8564
513
513
8564
8564
8564
8564
216
8564
8564
8564
765
8564
8564
513
8564
824
8564
756
8564
204
8564
8564
216
8564
8564
670
8564
670
8564
8564
670
8564
8564
513
412
8564
8564
8564
204
8564
670
8564
8564
8564
8564
670
513
8564
8564
8564
824
513
8564
8564
513
8564
8564
513
8564
8564
8564
513
8564
8564
8564
8564
8564
513
8564
8564
824
8564
8564
824
8564
824
824
8564
824
8564
216
8564
257
824
481
513
8564
8564
8564
513
8564
8564
8564
8564
513
8564
8564
8564
824
8564
8564
8564
8564
216
824
630
204
8564
8564
8564
8564
8564
198
204
8564
8564
513
8564
8564
216
8564
8564
8564
513
8564
8564
8564
8564
216
824
8564
8564
216
8564
1345
1345
1345
1345
1345
1345
1345
1345
1345
1345
8564
1345
8564
1345
4783
198
8564
204
756
513
8564
8564
8564
8564
198
204
8564
204
8564
513
8564
8564
513
8564
8564
513
8564
513
8564
513
8564
513
8564
513
8564
513
8564
513
8564
513
8564
513
8564
513
8564
513
8564
513
8564
513
8564
513
8564
513
8564
513
8564
8564
216
8564
8564
756
204
8564
496
204
8564
198
8564
204
8564
8564
8564
8564
8564
8564
8564
824
8564
8564
216
8564
8564
8564
8564
8564
8564
8564
8564
8564
8564
8564
824
198
8564
8564
8564
204
8564
8564
8564
8564
8564
824
412
8564
8564
8564
8564
204
8564
8564
234
204
8564
8564
8564
8564
824
412
8564
8564
8564
8564
8564
204
8564
8564
8564
8564
8564
8564
8564
8564
8564
8564
824
198
8564
8564
8564
204
8564
198
8564
204
8564
198
756
8564
8564
8564
8564
204
8564
8564
216
8564
234
8564
204
824
8564
216
8564
257
8564
8564
513
8564
8564
234
8564
8564
204
198
8564
204
8564
8564
8564
8564
8564
198
8564
8564
8564
204
8564
8564
8564
8564
8564
8564
824
8564
8564
216
198
8564
204
8564
8564
8564
8564
8564
216
8564
8564
8564
8564
824
8564
216
8564
204
198
756
8564
8564
8564
204
8564
8564
8564
8564
8564
824
8564
216
8564
1345
8564
4783
824
756
204
824
257
481
8564
1345
8564
8564
513
8564
8564
513
8564
8564
8564
8564
8564
8564
824
257
8564
1345
8564
4783
513
8564
8564
8564
8564
547
198
8564
204
824
257
824
513
8564
8564
513
8564
8564
513
8564
8564
8564
8564
513
8564
8564
513
8564
8564
481
8564
1345
8564
4783
8564
8564
8564
8564
8564
547
198
8564
204
824
257
824
8564
8564
8564
513
8564
8564
513
8564
8564
8564
8564
8564
8564
8564
8564
8564
8564
481
8564
1345
1345
8564
8564
4783
756
8564
204
513
8564
8564
8564
8564
394
8564
204
513
8564
8564
8564
8564
8564
216
8564
257
8564
1345
8564
4783
824
257
8564
8564
513
8564
8564
8564
8564
513
8564
257
8564
1345
8564
4783
513
8564
8564
8564
8564
198
8564
204
824
824
824
513
8564
8564
8564
8564
481
824
481
8564
1345
8564
4783
8564
8564
8564
824
257
8564
1345
8564
4783
8564
8564
8564
8564
8564
8564
8564
8564
8564
8564
496
204
8564
216
824
8564
481
756
204
8564
8564
8564
8564
8564
8564
8564
824
481
8564
8564
513
513
8564
8564
257
8564
8564
8564
8564
8564
257
8564
824
257
8564
1345
8564
4783
824
198
8564
204
513
8564
8564
8564
8564
513
8564
8564
8564
8564
198
204
513
8564
8564
513
8564
8564
8564
8564
8564
8564
412
757
513
8564
8564
8564
8564
216
513
8564
8564
8564
8564
253
8564
513
8564
8564
8564
8564
198
204
513
8564
8564
8564
8564
198
204
513
8564
8564
8564
8564
198
204
513
8564
8564
8564
8564
198
204
824
216
481
513
8564
8564
8564
8564
198
8564
204
824
824
198
8564
204
824
216
824
513
8564
8564
8564
8564
216
8564
1345
8564
1345
1345
1345
3722
8564
1345
4783
824
8564
8564
8564
8564
8564
8564
8564
8564
8564
198
8564
8564
198
204
8564
204
8564
4972
198
8564
8564
8564
204
8564
8564
8564
8564
8564
8564
8564
8564
8564
8564
700
8564
204
8564
513
8564
8564
824
8564
216
8564
513
8564
8564
8564
824
481
8564
8564
198
8564
8564
204
824
513
8564
8564
216
8564
8564
204
8564
8564
8564
8564
216
8564
1345
8564
1345
1345
1345
8564
8564
8564
4783
198
204
8564
8564
533
8564
8564
8564
8564
8564
8564
8564
8564
8564
8564
8564
8564
8564
8564
8564
481
8564
472
8564
8564
8564
216
8564
198
204
8564
8564
8564
8564
8564
8564
700
670
670
431
8564
8564
8564
204
198
204
8564
8564
8564
8564
8564
8564
8564
8564
8564
8564
8564
8564
8564
8564
8564
216
481
513
8564
8564
234
8564
204
8564
1345
8564
8564
8564
1345
1345
1345
1345
1345
8564
8564
1345
4783
824
198
204
8564
8564
234
8564
204
8564
8564
513
8564
8564
513
8564
8564
8564
201
204
8564
234
8564
204
8564
216
8564
8564
513
8564
8564
8564
8564
8564
8564
513
8564
824
8564
8564
8564
8564
513
8564
8564
257
824
198
204
8564
8564
234
8564
8564
204
824
198
204
8564
8564
234
8564
8564
204
8564
8564
513
201
810
8564
216
8564
8564
8564
8564
234
204
234
8564
204
513
472
8564
8564
8564
216
8564
431
670
670
198
8564
8564
8564
8564
8564
204
8564
8564
8564
8564
8564
8564
700
8564
8564
204
8564
8564
4817
424
8564
8564
8564
8564
204
8564
8564
216
8564
1345
8564
4783
824
824
824
257
8564
1345
8564
4783
513
8564
8564
824
198
8564
198
8564
8564
8564
204
424
204
8564
8564
8564
8564
700
204
824
216
824
257
4846
198
204
8564
1345
1345
1345
1345
1345
1345
1345
8564
8564
8564
8564
8564
8564
198
204
8564
8564
8564
8564
8564
198
204
8564
8564
8564
8564
8564
8564
8564
8564
8564
8564
496
8564
8564
204
8564
8564
8564
8564
8564
8564
198
8564
8564
8564
8564
204
8564
8564
198
8564
8564
204
8564
8564
8564
8564
412
8564
8564
8564
757
8564
8564
8564
216
8564
257
8564
8564
8564
8564
8564
8564
8564
8564
8564
8564
8564
8564
216
8564
8564
8564
8564
8564
8564
8564
198
8564
8564
8564
8564
8564
204
8564
8564
8564
8564
8564
8564
8564
8564
412
8564
204
8564
8564
8564
257
8564
1345
1345
8564
4783
513
8564
8564
8564
8564
756
8564
204
513
8564
8564
8564
8564
8564
513
8564
8564
8564
8564
824
824
824
513
8564
8564
8564
8564
547
8564
8564
216
8564
257
8564
1345
8564
4783
824
513
8564
8564
8564
8564
513
8564
8564
8564
8564
253
8564
257
8564
824
257
8564
1345
8564
4783
824
8564
8564
8564
8564
8564
253
8564
824
8564
547
8564
257
8564
1345
1345
1345
8564
4783
756
204
513
8564
8564
8564
8564
564
670
8564
8564
234
8564
204
513
8564
8564
513
8564
8564
412
204
547
513
630
204
513
8564
8564
513
8564
8564
8564
8564
198
8564
8564
204
8564
564
670
8564
216
8564
8564
513
8564
8564
8564
8564
8564
253
8564
8564
216
8564
257
198
204
513
8564
8564
8564
8564
8564
234
204
513
8564
8564
8564
8564
198
204
824
824
513
8564
8564
8564
8564
547
8564
824
8564
547
198
599
257
513
8564
8564
8564
8564
198
8564
204
8564
216
724
234
204
513
8564
8564
8564
8564
547
198
204
513
8564
8564
8564
8564
253
8564
8564
216
513
8564
8564
8564
8564
198
8564
204
513
8564
8564
8564
8564
513
8564
8564
8564
8564
253
8564
513
8564
8564
8564
8564
8564
216
513
8564
8564
8564
8564
564
8564
8564
216
824
824
824
8564
547
8564
756
8564
204
824
8564
216
8564
1345
1345
8564
1345
8564
4783
513
8564
8564
513
8564
8564
513
8564
8564
513
8564
8564
216
824
756
204
8564
8564
8564
824
756
8564
204
8564
547
198
8564
204
824
198
8564
204
8564
257
824
481
8564
1345
8564
4783
824
513
8564
8564
8564
8564
564
8564
513
8564
8564
8564
8564
547
198
204
481
824
257
8564
824
257
8564
8564
513
8564
8564
8564
8564
513
8564
8564
8564
8564
513
8564
8564
513
8564
8564
8564
8564
8564
8564
257
8564
1345
8564
4783
824
513
8564
8564
8564
8564
547
198
8564
204
824
824
257
824
824
481
8564
1345
8564
4783
824
756
204
513
8564
8564
8564
8564
547
198
8564
204
824
756
204
824
216
198
8564
612
257
547
8564
824
824
513
8564
8564
8564
8564
547
8564
824
481
481
8564
1345
8564
4783
824
824
824
481
8564
1345
1345
8564
4783
198
8564
204
8564
8564
198
204
8564
3634
216
513
8564
8564
198
204
8564
3634
216
824
8564
216
8564
257
8564
1345
8564
4783
824
198
204
513
8564
8564
8564
8564
513
8564
8564
412
204
824
824
824
513
8564
8564
198
204
8564
3634
216
824
216
481
8564
1345
8564
4783
513
8564
8564
8564
8564
198
204
824
8564
513
8564
8564
513
8564
8564
8564
8564
824
513
8564
8564
8564
8564
8564
513
8564
8564
8564
8564
481
824
481
8564
1345
8564
4783
513
8564
8564
8564
8564
198
204
481
824
8564
513
8564
8564
8564
8564
8564
4972
824
8564
5012
8564
513
8564
8564
8564
8564
8564
8564
8564
513
8564
8564
513
8564
8564
481
8564
1345
8564
4783
513
8564
8564
8564
8564
198
204
513
8564
8564
513
8564
8564
8564
8564
634
412
8564
204
198
204
824
216
824
8564
216
481
8564
216
8564
1345
8564
4783
824
513
8564
8564
8564
8564
198
204
824
216
513
8564
8564
8564
8564
8564
257
8564
1345
8564
4783
824
513
8564
8564
513
8564
8564
513
8564
8564
8564
8564
513
8564
8564
8564
8564
513
8564
8564
513
8564
8564
8564
8564
8564
8564
8564
8564
198
8564
204
8564
8564
216
257
8564
824
257
8564
1345
1345
1345
1345
1345
8564
1345
4783
8564
8564
8564
8564
8564
8564
4972
824
8564
5012
8564
8564
8564
8564
8564
824
8564
8564
8564
8564
8564
8564
412
8564
204
824
198
8564
8564
8564
204
8564
8564
513
8564
8564
198
8564
204
513
8564
8564
513
8564
8564
824
8564
8564
198
204
824
8564
198
8564
204
8564
8564
198
204
8564
8564
216
412
757
513
8564
8564
8564
8564
8564
8564
8564
513
8564
824
8564
8564
8564
8564
8564
8564
8564
216
8564
824
198
8564
8564
8564
8564
204
8564
8564
513
8564
8564
513
8564
8564
824
513
8564
8564
513
8564
8564
8564
824
824
8564
824
257
8564
1345
8564
4783
824
824
824
824
257
8564
1345
1345
8564
1345
1345
1345
8564
1345
4783
8564
513
8564
8564
8564
8564
824
513
8564
8564
8564
8564
756
204
513
8564
8564
8564
8564
8564
216
513
8564
513
8564
513
8564
8564
8564
216
8564
8564
8564
564
670
8564
8564
513
8564
8564
198
8564
204
412
757
8564
824
8564
8564
216
8564
513
8564
824
8564
8564
8564
496
8564
8564
8564
8564
204
8564
8564
8564
513
8564
8564
8564
8564
513
8564
8564
8564
8564
257
8564
1345
8564
4783
824
824
824
481
8564
1345
1345
1345
8564
4783
756
204
198
8564
8564
204
8564
257
824
198
8564
204
513
8564
8564
8564
8564
198
204
513
8564
8564
8564
8564
824
824
824
198
8564
204
824
198
8564
204
8564
513
198
8564
204
824
824
481
198
204
824
8564
216
513
8564
8564
8564
8564
198
513
8564
8564
8564
8564
204
412
757
8564
216
824
8564
216
198
204
8564
216
824
216
8564
1345
8564
4783
824
824
257
8564
1345
1345
1345
8564
4783
756
204
198
8564
8564
204
8564
257
824
513
8564
8564
8564
8564
198
204
8564
216
824
198
204
8564
513
198
8564
8564
204
824
824
257
513
8564
8564
8564
8564
198
8564
513
8564
8564
8564
8564
204
198
204
8564
216
824
8564
216
412
757
8564
216
824
8564
216
8564
1345
8564
4783
8564
8564
8564
756
204
824
824
216
513
8564
8564
513
8564
8564
513
8564
8564
8564
8564
481
8564
1345
8564
4783
513
8564
8564
8564
8564
198
204
824
513
8564
8564
8564
8564
670
756
8564
599
765
425
394
8564
204
513
8564
8564
8564
8564
198
8564
204
824
481
824
481
824
481
824
481
8564
1345
1345
8564
4783
824
513
8564
8564
8564
8564
198
8564
8564
204
824
513
8564
8564
8564
8564
513
670
8564
216
8564
513
8564
8564
513
8564
8564
8564
8564
513
8564
8564
513
8564
481
8564
8564
513
8564
8564
8564
8564
257
8564
1345
8564
4783
824
513
8564
8564
8564
8564
824
481
8564
1345
8564
4783
513
8564
8564
8564
8564
824
513
8564
8564
513
8564
8564
8564
8564
513
8564
8564
8564
8564
198
204
824
216
481
8564
1345
8564
4783
824
481
8564
1345
8564
4783
824
513
8564
8564
513
8564
8564
8564
8564
513
8564
8564
8564
8564
513
8564
8564
513
8564
8564
8564
8564
513
8564
8564
513
8564
8564
513
8564
8564
513
8564
8564
198
204
8564
216
257
8564
1345
8564
8564
4783
8564
8564
513
8564
8564
513
8564
8564
8564
234
513
8564
8564
513
8564
8564
8564
8564
513
8564
8564
513
8564
8564
8564
8564
513
8564
8564
513
8564
8564
204
513
8564
8564
216
257
8564
8564
513
8564
8564
513
8564
8564
8564
8564
8564
8564
257
8564
1345
1345
1345
8564
1345
4783
8564
8564
8564
8564
198
204
8564
8564
198
204
513
8564
513
8564
8564
8564
216
8564
8564
513
8564
8564
8564
8564
513
8564
8564
8564
8564
8564
8564
670
8564
670
8564
198
8564
8564
8564
204
513
8564
8564
257
8564
8564
513
8564
8564
8564
8564
257
8564
1345
8564
8564
513
8564
8564
8564
8564
394
425
8564
424
204
513
8564
8564
198
204
513
8564
8564
8564
8564
481
481
8564
8564
513
8564
8564
198
204
513
8564
8564
513
8564
8564
8564
8564
8564
8564
412
612
257
481
8564
8564
513
8564
8564
257
8564
824
257
8564
8564
513
8564
8564
513
8564
8564
8564
8564
8564
8564
412
204
513
8564
8564
198
204
564
670
8564
8564
257
481
8564
1345
8564
8564
513
8564
8564
8564
8564
198
204
513
8564
8564
513
8564
564
670
8564
8564
257
481
8564
1345
8564
8564
513
8564
8564
513
8564
8564
8564
8564
8564
8564
412
204
513
8564
8564
513
8564
564
670
8564
8564
257
481
8564
1345
8564
8564
513
8564
8564
8564
8564
765
513
8564
8564
8564
8564
953
756
424
204
513
8564
8564
198
204
564
670
8564
8564
257
481
8564
1345
1345
8564
4783
824
198
8564
204
8564
4972
824
8564
5012
8564
8564
216
8564
8564
8564
513
8564
8564
513
8564
8564
257
8564
1345
8564
4783
198
204
513
8564
8564
198
204
513
8564
8564
8564
8564
8564
8564
700
204
481
8564
513
8564
8564
8564
8564
198
757
257
8564
1345
1345
8564
4783
198
8564
204
513
8564
8564
8564
8564
756
8564
204
8564
8564
8564
564
513
670
8564
8564
513
8564
8564
198
204
8564
3634
216
8564
4972
824
8564
5012
8564
8564
8564
216
8564
257
8564
1345
1345
8564
4783
198
8564
204
8564
8564
198
204
8564
3634
216
513
8564
8564
198
204
8564
3634
216
513
8564
8564
824
8564
216
8564
257
8564
1345
1345
1345
8564
1345
1345
8564
1345
1345
1345
1345
1345
1345
1345
1345
1345
1345
8564
1345
1345
4783
513
8564
8564
198
204
513
8564
8564
513
8564
8564
8564
8564
8564
8564
412
204
8564
8564
8564
198
8564
8564
8564
8564
204
756
204
513
8564
8564
8564
216
425
513
8564
513
8564
8564
8564
216
513
8564
8564
513
8564
8564
198
8564
8564
204
8564
8564
8564
8564
8564
216
8564
8564
8564
513
412
8564
204
8564
564
513
8564
8564
8564
8564
216
8564
8564
8564
8564
8564
513
8564
8564
8564
3627
513
8564
8564
513
513
8564
8564
513
8564
8564
513
8564
8564
8564
293
8564
8564
216
8564
8564
8564
513
513
883
773
547
198
8564
204
4774
8564
198
810
513
810
675
8564
8564
4817
472
879
670
670
8564
824
513
8564
8564
8564
8564
8564
513
8564
8564
8564
8564
8564
8564
8564
824
513
8564
8564
670
8564
8564
670
8564
8564
8564
8564
8564
216
8564
257
8564
8564
8564
8564
216
8564
824
513
8564
8564
8564
8564
8564
8564
216
198
8564
204
513
8564
8564
8564
8564
198
8564
8564
8564
204
824
8564
8564
8564
8564
8564
8564
216
8564
8564
8564
513
564
8564
8564
8564
513
8564
8564
564
8564
8564
513
8564
513
8564
8564
8564
8564
216
513
513
8564
8564
824
513
8564
8564
8564
8564
513
8564
216
8564
1345
1345
1345
8564
4783
198
8564
204
824
513
8564
8564
198
8564
204
8564
4972
824
8564
5012
8564
8564
216
8564
513
8564
8564
513
8564
8564
513
8564
8564
8564
216
8564
257
8564
1345
1345
1345
8564
4783
756
8564
204
513
8564
8564
8564
8564
496
8564
204
824
8564
8564
8564
564
670
8564
8564
8564
4972
824
8564
5012
8564
513
8564
8564
8564
8564
198
513
8564
8564
8564
204
8564
4972
824
8564
5012
8564
8564
216
8564
513
8564
8564
513
8564
8564
670
8564
8564
8564
216
8564
257
8564
1345
1345
1345
1345
8564
4783
8564
8564
8564
564
670
8564
8564
8564
8564
8564
4972
8564
4972
513
670
8564
8564
204
8564
8564
8564
204
8564
564
771
8564
8564
204
8564
8564
8564
8564
760
8564
204
8564
670
8564
8564
8564
513
670
8564
5012
8564
8564
216
8564
257
8564
1345
1345
8564
1345
1345
1345
1345
8564
8564
4783
756
8564
204
513
8564
8564
8564
8564
953
198
424
8564
204
8564
8564
8564
198
8564
204
756
204
564
670
8564
8564
198
8564
204
513
8564
8564
412
8564
8564
8564
204
8564
257
756
8564
8564
204
198
8564
8564
216
8564
250
412
8564
8564
204
8564
8564
564
670
8564
8564
198
8564
204
513
8564
8564
412
8564
8564
810
8564
204
8564
8564
216
198
8564
756
424
8564
204
564
670
8564
8564
513
8564
8564
8564
216
8564
8564
8564
8564
216
8564
1345
8564
4783
756
204
513
8564
8564
8564
8564
1122
198
424
204
513
8564
8564
198
204
564
670
765
564
8564
8564
513
8564
8564
8564
513
8564
257
481
8564
1345
1345
8564
4783
513
8564
8564
198
204
513
8564
8564
8564
8564
765
885
885
773
756
198
756
8564
424
198
653
756
424
424
765
885
885
773
756
198
756
8564
424
424
8564
8564
394
424
204
765
564
513
8564
760
204
8564
513
564
765
8564
216
8564
564
670
8564
8564
670
8564
8564
513
412
8564
8564
204
765
564
670
8564
8564
564
670
564
670
8564
8564
8564
8564
879
8564
670
8564
257
481
8564
1345
1345
1345
1345
8564
1345
4783
756
810
513
8564
8564
8564
8564
496
204
8564
765
513
8564
513
8564
8564
216
8564
8564
564
670
8564
8564
8564
513
824
412
8564
8564
204
513
8564
8564
8564
8564
513
8564
8564
8564
8564
8564
513
8564
8564
198
8564
204
765
564
8564
670
564
8564
216
8564
670
8564
8564
513
8564
8564
412
8564
8564
204
8564
8564
216
8564
670
8564
8564
8564
8564
8564
216
513
8564
8564
513
8564
8564
8564
8564
513
8564
8564
8564
8564
257
8564
824
257
8564
8564
513
8564
8564
198
8564
204
513
8564
8564
8564
8564
879
257
8564
513
8564
8564
8564
8564
257
8564
8564
513
8564
8564
257
8564
824
257
8564
1345
1345
1345
8564
1345
4783
8564
8564
8564
8564
8564
756
204
8564
8564
8564
8564
513
8564
8564
8564
216
8564
8564
564
670
8564
8564
8564
824
8564
670
8564
8564
513
8564
496
8564
8564
204
8564
8564
8564
8564
8564
8564
8564
8564
8564
8564
8564
257
8564
1345
1345
1345
8564
1345
8564
8564
8564
8564
670
8564
8564
1347
858
198
8564
216
234
8564
8564
8564
204
8564
8564
234
8564
8564
8564
204
8564
8564
234
8564
424
513
670
8564
8564
204
681
612
670
670
8564
8564
234
8564
8564
8564
8564
204
8564
8564
8564
257
8564
8564
257
8564
1345
1345
1345
1345
1345
1345
1345
1345
1345
1345
1345
1345
1345
1345
1345
1345
1345
1345
8564
8564
8564
8564
1345
4783
670
824
8564
8564
8564
234
204
1011
412
204
513
8564
513
8564
513
8564
513
8564
513
8564
513
8564
8564
216
8564
8564
513
670
8564
8564
234
204
1011
8564
412
8564
8564
204
8564
8564
824
630
204
8564
8564
8564
198
204
8564
8564
234
8564
8564
204
8564
513
670
8564
8564
1011
8564
670
8564
216
8564
8564
8564
824
756
204
513
670
8564
216
513
8564
8564
394
8564
204
513
8564
8564
198
8564
8564
8564
204
8564
513
765
8564
824
496
8564
8564
8564
8564
204
8564
8564
8564
8564
216
513
670
8564
8564
513
496
8564
8564
8564
204
8564
8564
670
8564
8564
234
8564
204
513
8564
8564
1011
8564
412
8564
204
513
670
8564
8564
513
496
8564
8564
8564
204
8564
8564
8564
8564
216
8564
8564
8564
8564
8564
8564
216
8564
8564
8564
8564
670
8564
8564
513
8564
8564
198
204
8564
8564
216
8564
8564
234
8564
8564
8564
8564
204
8564
8564
513
8564
8564
216
8564
8564
513
8564
8564
8564
8564
257
513
8564
8564
394
8564
204
513
8564
8564
198
8564
8564
8564
204
198
8564
204
824
8564
8564
8564
216
198
8564
8564
204
8564
1345
1345
1345
1345
8564
8564
8564
1345
4783
630
204
257
8564
513
8564
8564
8564
670
670
8564
8564
670
8564
8564
513
8564
8564
513
8564
8564
8564
257
765
8564
8564
513
513
8564
8564
8564
216
824
670
8564
8564
234
8564
8564
8564
8564
204
8564
1345
1345
8564
1345
1345
1345
1345
8564
1345
1345
1345
1345
1345
8564
1345
1345
1345
1345
1345
8564
1345
1345
1345
1345
8564
8564
1345
4783
670
8564
8564
234
204
1011
513
8564
8564
201
204
8564
513
8564
216
8564
257
647
8564
8564
8564
564
513
670
8564
8564
724
234
8564
8564
8564
204
647
8564
564
670
8564
8564
724
234
8564
204
8564
513
670
8564
8564
234
8564
8564
204
1156
724
234
8564
8564
8564
204
1011
8564
8564
8564
216
8564
8564
513
8564
8564
201
670
204
513
8564
8564
1011
412
204
8564
533
234
8564
8564
204
1156
724
234
8564
8564
204
513
8564
8564
216
8564
8564
647
8564
8564
216
8564
8564
513
564
8564
8564
8564
201
204
513
8564
8564
216
8564
8564
670
8564
8564
234
8564
8564
8564
8564
204
8564
8564
8564
8564
513
8564
513
513
8564
513
8564
513
8564
513
8564
513
8564
513
8564
8564
8564
8564
216
234
204
1011
412
8564
204
8564
653
198
204
198
8564
8564
204
8564
8564
513
670
8564
8564
234
8564
8564
8564
8564
204
8564
8564
8564
234
204
8564
198
8564
204
198
204
1011
412
8564
599
8564
8564
216
670
8564
8564
681
198
8564
204
513
8564
8564
216
1011
8564
8564
8564
8564
201
8564
204
670
8564
8564
234
8564
204
8564
8564
8564
8564
8564
8564
201
8564
8564
8564
204
8564
8564
8564
8564
8564
201
810
8564
8564
216
513
8564
8564
8564
216
513
198
8564
757
8564
8564
216
8564
198
8564
8564
204
513
8564
8564
8564
216
234
8564
8564
8564
204
8564
513
8564
216
198
8564
8564
204
513
8564
8564
234
612
670
8564
216
1156
724
234
8564
8564
204
513
670
8564
8564
234
8564
8564
8564
8564
204
513
670
8564
8564
234
8564
8564
8564
204
8564
8564
647
8564
564
670
8564
8564
724
234
8564
8564
204
234
8564
8564
8564
204
670
8564
8564
8564
8564
8564
216
1011
8564
216
8564
1345
1345
1345
1345
8564
1345
1345
1345
1345
1345
1345
1345
8564
1345
8564
8564
8564
8564
8564
1345
8564
1345
4783
198
198
424
8564
8564
204
675
8564
216
8564
8564
293
8564
8564
216
8564
8564
647
8564
234
204
513
8564
8564
216
513
8564
513
8564
513
8564
513
8564
513
8564
513
8564
513
8564
513
8564
513
8564
513
8564
513
8564
513
8564
513
8564
513
8564
513
8564
513
8564
8564
216
8564
1156
1303
234
8564
8564
204
8564
8564
216
8564
513
670
8564
8564
647
8564
8564
8564
8564
8564
1106
8564
216
8564
8564
8564
8564
700
8564
204
8564
8564
824
8564
412
8564
204
8564
765
513
8564
670
8564
8564
8564
8564
216
8564
8564
8564
234
204
8564
8564
8564
394
204
8564
496
204
8564
8564
8564
8564
216
8564
513
8564
394
8564
8564
204
8564
8564
513
8564
564
513
8564
8564
670
8564
8564
824
8564
8564
8564
8564
8564
8564
8564
8564
670
8564
8564
8564
8564
8564
513
670
8564
8564
8564
8564
8564
647
8564
234
8564
8564
8564
204
8564
8564
257
513
8564
8564
8564
564
8564
8564
8564
824
8564
8564
8564
8564
8564
216
8564
8564
8564
198
8564
204
513
670
8564
8564
8564
8564
1011
8564
234
204
8564
8564
8564
8564
8564
8564
8564
8564
201
8564
8564
8564
8564
204
8564
513
670
8564
8564
1011
8564
234
204
8564
8564
8564
8564
201
8564
8564
8564
8564
204
8564
8564
8564
8564
765
8564
8564
8564
513
8564
8564
8564
8564
8564
8564
216
8564
8564
765
8564
8564
8564
513
8564
8564
8564
8564
216
8564
8564
8564
8564
8564
216
670
8564
8564
8564
8564
8564
216
8564
8564
8564
8564
8564
216
8564
1345
1345
1345
1345
1345
1345
1345
1345
1345
3722
1345
1345
1345
8564
8564
1345
1345
1345
1345
1345
1345
1345
1345
1345
1345
3722
1345
1345
3722
1345
1345
1345
8564
3722
8564
1345
4783
8564
8564
8564
8564
8564
670
8564
8564
8564
8564
700
8564
204
513
670
8564
8564
700
204
8564
234
8564
8564
8564
204
8564
8564
1156
1191
8564
204
8564
513
670
8564
8564
1156
1191
8564
204
8564
824
198
8564
204
8564
8564
8564
257
8564
1011
234
8564
8564
8564
204
8564
8564
8564
675
234
8564
8564
8564
204
8564
8564
8564
8564
513
8564
513
8564
513
8564
513
513
8564
8564
513
8564
513
8564
8564
513
8564
513
8564
513
8564
8564
513
8564
513
8564
8564
8564
8564
216
8564
675
234
234
424
8564
8564
234
424
8564
8564
204
8564
394
234
204
8564
8564
204
8564
8564
8564
8564
201
8564
1011
8564
8564
8564
8564
204
8564
8564
8564
198
204
8564
8564
8564
8564
201
8564
8564
8564
204
8564
8564
1011
8564
412
234
424
8564
8564
8564
204
8564
513
670
8564
8564
647
234
8564
8564
8564
8564
8564
204
8564
8564
8564
675
8564
824
8564
1011
630
8564
204
8564
8564
8564
198
8564
204
8564
198
204
8564
8564
681
234
8564
8564
8564
8564
8564
204
8564
8564
8564
8564
765
513
8564
824
8564
198
8564
8564
8564
8564
8564
8564
8564
204
8564
8564
8564
8564
8564
8564
8564
8564
198
670
8564
8564
8564
204
513
8564
8564
8564
8564
216
8564
8564
8564
8564
8564
8564
647
8564
513
8564
8564
513
8564
8564
513
8564
8564
8564
8564
216
8564
198
204
8564
234
8564
204
8564
198
204
513
8564
8564
8564
756
8564
8564
204
8564
8564
8564
8564
8564
8564
216
8564
8564
824
216
481
8564
8564
204
8564
8564
8564
8564
8564
8564
8564
824
8564
8564
8564
824
8564
1011
756
8564
204
513
670
8564
216
513
8564
8564
1156
1191
8564
8564
8564
204
513
670
8564
8564
8564
8564
8564
216
8564
234
612
670
513
8564
8564
8564
8564
8564
8564
234
8564
204
8564
8564
8564
198
204
513
8564
8564
824
8564
8564
8564
513
8564
824
513
8564
8564
8564
8564
8564
8564
216
513
670
8564
8564
647
8564
8564
8564
216
824
8564
8564
8564
198
8564
8564
8564
204
8564
198
204
8564
8564
8564
198
204
8564
8564
216
8564
8564
8564
8564
8564
198
204
8564
8564
216
824
513
8564
8564
198
198
204
204
564
670
8564
8564
8564
8564
756
8564
8564
204
8564
564
670
8564
8564
8564
536
824
8564
394
8564
204
564
8564
216
8564
513
670
8564
8564
198
8564
8564
204
8564
8564
513
8564
824
8564
8564
198
8564
8564
8564
204
8564
824
8564
8564
216
8564
8564
216
8564
8564
257
513
8564
824
198
8564
8564
204
8564
513
8564
8564
8564
8564
8564
8564
8564
8564
8564
8564
8564
8564
216
8564
8564
8564
216
8564
8564
824
216
204
8564
8564
198
8564
8564
204
8564
8564
513
8564
824
8564
8564
198
8564
8564
8564
204
8564
8564
8564
8564
8564
216
824
513
8564
513
8564
8564
8564
8564
8564
8564
8564
216
8564
8564
8564
513
8564
8564
8564
8564
8564
8564
8564
8564
8564
8564
513
8564
8564
824
8564
216
8564
824
257
8564
1345
1345
1345
1345
1345
1345
1345
1345
1345
1345
8564
1345
4783
824
8564
198
204
8564
8564
198
8564
8564
204
8564
513
564
670
8564
8564
198
8564
8564
8564
204
8564
513
756
599
670
756
599
670
198
810
198
810
513
953
496
424
8564
204
653
425
8564
496
424
8564
204
394
204
8564
513
8564
8564
8564
216
8564
8564
564
670
8564
8564
8564
513
8564
513
670
8564
412
8564
8564
8564
204
513
8564
8564
513
8564
8564
513
8564
8564
513
8564
8564
824
8564
8564
8564
8564
513
8564
8564
513
8564
8564
8564
8564
216
670
8564
513
670
8564
8564
670
8564
8564
8564
8564
8564
216
8564
8564
8564
670
564
670
8564
8564
8564
8564
8564
8564
8564
8564
513
8564
8564
412
8564
204
8564
8564
216
8564
198
564
670
513
8564
8564
204
8564
8564
8564
8564
513
824
412
8564
8564
204
8564
824
216
513
8564
8564
257
8564
824
8564
8564
8564
8564
216
8564
1345
1345
1345
1345
1345
1345
8564
1345
1345
1345
1345
8564
1345
1345
1345
1345
8564
1345
1345
8564
1345
1345
1345
1345
1345
1345
1345
1345
1345
1345
1345
1345
1345
1345
1345
1345
8564
1345
1345
1345
1345
1345
1345
1345
1345
8564
1345
1345
8564
1345
1345
8564
1345
1345
1345
1345
1345
1345
1345
1345
1345
1345
1345
1345
1345
1345
1345
1345
8564
1345
1345
1345
1345
1345
1345
1345
1345
8564
1345
1345
1345
1345
3722
1345
1345
1345
1345
1345
1345
1345
1345
1345
1345
1345
1345
1345
1345
1345
1345
8564
1345
1345
1345
8564
8564
8564
8564
8564
1345
1345
1345
1345
1345
1345
1345
1345
1345
1345
1345
1345
1345
1345
1345
8564
1345
1345
1345
8564
8564
8564
1345
1345
1345
1345
8564
3722
1345
4783
198
8564
204
8564
8564
8564
8564
8564
234
204
8564
8564
824
8564
8564
8564
8564
4972
8564
8564
8564
8564
8564
8564
700
204
8564
8564
8564
8564
8564
198
8564
204
8564
670
8564
8564
234
204
513
8564
513
8564
8564
8564
8564
216
8564
8564
513
513
8564
513
8564
513
8564
513
8564
513
8564
513
8564
8564
8564
513
8564
513
8564
8564
8564
8564
8564
8564
216
8564
204
8564
1347
8564
513
8564
670
8564
8564
234
8564
8564
8564
204
824
630
204
8564
8564
8564
198
204
8564
670
513
8564
8564
1011
8564
8564
8564
8564
647
8564
8564
234
700
8564
424
8564
8564
204
8564
8564
234
8564
8564
8564
204
198
204
513
8564
8564
234
8564
8564
204
1011
8564
8564
8564
8564
8564
8564
8564
201
8564
204
8564
647
8564
8564
8564
216
8564
8564
8564
8564
8564
675
700
204
198
8564
580
956
681
198
8564
204
8564
198
8564
8564
198
8564
580
8564
8564
8564
8564
8564
204
198
204
8564
424
8564
204
1011
8564
634
412
8564
8564
8564
204
513
8564
513
8564
8564
234
8564
8564
8564
8564
204
216
8564
8564
8564
8564
8564
8564
8564
700
8564
204
513
8564
8564
513
8564
8564
8564
8564
198
612
198
8564
204
513
8564
8564
513
8564
8564
8564
8564
8564
216
8564
8564
513
8564
8564
496
204
8564
8564
8564
8564
513
8564
8564
513
8564
8564
513
8564
8564
513
8564
8564
513
8564
8564
513
8564
8564
513
8564
293
513
513
513
8564
513
8564
8564
513
8564
513
513
8564
513
8564
513
8564
513
8564
8564
513
8564
513
8564
513
8564
513
8564
513
8564
8564
8564
513
8564
8564
8564
513
8564
8564
8564
8564
8564
8564
8564
8564
8564
513
8564
513
8564
513
8564
513
8564
8564
8564
513
8564
513
8564
513
8564
513
8564
8564
8564
8564
8564
513
8564
513
8564
513
8564
513
8564
8564
8564
8564
216
8564
513
496
8564
8564
204
8564
8564
513
670
8564
8564
8564
670
8564
8564
8564
8564
8564
8564
216
8564
8564
8564
513
8564
8564
496
8564
8564
8564
8564
204
8564
8564
8564
8564
670
8564
8564
8564
8564
198
8564
204
1011
8564
824
630
8564
8564
204
8564
8564
8564
198
8564
8564
204
8564
8564
8564
8564
8564
8564
1011
412
204
8564
8564
8564
1011
412
204
8564
234
204
4621
204
234
204
234
8564
204
8564
198
8564
204
8564
198
204
8564
513
670
8564
8564
234
204
1011
8564
8564
8564
8564
8564
8564
201
204
8564
879
670
8564
824
8564
8564
670
8564
8564
8564
8564
8564
765
670
394
8564
8564
204
8564
765
547
513
670
8564
8564
8564
824
8564
8564
8564
216
8564
8564
765
8564
670
8564
8564
8564
824
8564
513
8564
198
8564
8564
8564
8564
204
8564
8564
8564
8564
8564
8564
216
8564
8564
8564
412
513
8564
8564
8564
8564
8564
8564
8564
8564
204
8564
8564
8564
8564
8564
824
8564
216
8564
8564
198
8564
8564
204
513
8564
8564
198
8564
612
257
8564
8564
8564
4635
8564
8564
216
8564
8564
8564
513
8564
824
513
8564
8564
8564
8564
8564
513
8564
8564
8564
8564
8564
216
8564
257
198
8564
204
8564
8564
8564
8564
8564
8564
201
8564
8564
204
8564
198
8564
204
8564
8564
234
204
8564
8564
216
8564
8564
670
8564
824
756
204
8564
513
670
8564
216
879
8564
8564
216
513
8564
824
216
8564
8564
216
8564
8564
8564
198
204
8564
513
496
8564
204
8564
8564
8564
8564
8564
216
8564
8564
8564
8564
670
8564
8564
513
670
8564
8564
670
8564
8564
8564
8564
8564
8564
216
513
8564
8564
8564
824
8564
8564
8564
216
8564
8564
8564
8564
8564
8564
8564
8564
8564
8564
8564
216
8564
8564
675
8564
8564
8564
8564
8564
8564
824
198
8564
204
8564
513
8564
412
513
8564
8564
670
8564
8564
1011
8564
8564
8564
204
8564
8564
8564
8564
216
8564
8564
8564
513
513
883
773
547
198
8564
204
4774
8564
198
810
513
810
675
8564
8564
4817
472
765
765
630
8564
8564
204
8564
670
394
8564
8564
204
765
547
513
670
8564
8564
8564
824
8564
8564
8564
216
8564
8564
8564
670
8564
8564
8564
8564
8564
8564
8564
216
234
204
234
8564
204
8564
513
496
8564
204
8564
670
8564
8564
513
670
8564
8564
8564
8564
8564
8564
8564
216
513
8564
8564
216
8564
513
8564
8564
8564
670
8564
8564
8564
234
8564
8564
8564
204
8564
8564
513
496
8564
8564
8564
204
8564
198
204
8564
513
496
8564
204
8564
670
8564
8564
513
670
8564
8564
8564
8564
8564
8564
8564
216
8564
879
8564
8564
513
496
8564
204
8564
670
8564
8564
513
670
8564
8564
8564
8564
8564
8564
216
8564
198
8564
204
8564
8564
8564
198
8564
204
8564
8564
513
8564
824
8564
8564
765
513
8564
824
8564
8564
8564
670
8564
8564
8564
8564
8564
513
670
8564
8564
8564
8564
8564
670
394
8564
204
765
547
513
670
8564
8564
8564
824
8564
216
8564
8564
8564
670
8564
8564
8564
8564
824
8564
8564
8564
8564
8564
8564
216
1011
8564
8564
8564
8564
8564
8564
8564
201
8564
8564
8564
204
8564
234
8564
204
8564
8564
234
8564
8564
204
8564
8564
8564
8564
198
8564
8564
204
8564
513
496
8564
8564
8564
204
8564
8564
8564
8564
513
670
8564
8564
670
670
8564
8564
8564
8564
394
8564
8564
8564
8564
204
8564
8564
8564
8564
8564
8564
8564
513
8564
8564
8564
8564
8564
198
204
8564
8564
8564
8564
8564
8564
216
513
8564
8564
824
513
8564
8564
513
8564
8564
8564
513
8564
8564
8564
8564
513
8564
8564
5012
216
8564
8564
8564
198
204
8564
8564
216
8564
513
496
8564
204
8564
8564
8564
8564
8564
670
8564
8564
513
670
8564
8564
670
8564
8564
8564
8564
8564
8564
216
513
8564
8564
513
8564
8564
824
8564
8564
8564
216
513
8564
8564
8564
824
8564
216
8564
8564
8564
8564
8564
198
8564
204
681
234
8564
8564
8564
8564
8564
204
8564
513
670
8564
8564
8564
8564
8564
8564
8564
1347
8564
8564
681
612
670
8564
216
8564
8564
8564
8564
8564
198
204
513
8564
8564
8564
8564
8564
8564
1347
8564
8564
513
8564
8564
513
8564
8564
1347
513
8564
8564
8564
513
8564
8564
513
8564
513
8564
8564
8564
8564
216
8564
8564
8564
513
8564
216
8564
513
670
8564
8564
670
8564
8564
513
8564
8564
8564
496
204
496
8564
204
513
8564
8564
824
8564
8564
8564
216
513
8564
8564
8564
824
8564
216
513
8564
8564
8564
824
8564
216
8564
513
496
8564
204
8564
8564
8564
8564
670
8564
8564
513
670
8564
8564
670
8564
8564
8564
8564
8564
8564
216
513
8564
8564
8564
824
8564
8564
8564
8564
216
513
8564
8564
513
8564
8564
8564
8564
8564
216
8564
8564
513
8564
8564
8564
670
8564
8564
234
8564
8564
8564
204
394
8564
8564
8564
8564
204
8564
8564
8564
8564
8564
513
670
8564
8564
8564
8564
8564
8564
216
8564
8564
8564
8564
8564
8564
8564
670
8564
8564
670
8564
8564
8564
513
8564
8564
8564
8564
216
8564
8564
8564
513
8564
8564
8564
8564
8564
216
513
8564
8564
8564
824
8564
216
513
8564
8564
8564
8564
234
8564
8564
8564
8564
204
513
8564
8564
8564
8564
8564
216
513
8564
8564
8564
824
8564
216
513
8564
8564
8564
824
8564
216
8564
216
8564
513
670
8564
8564
234
8564
8564
204
8564
8564
8564
8564
216
513
8564
8564
412
513
8564
8564
513
8564
8564
513
8564
8564
513
8564
8564
8564
8564
8564
8564
204
513
8564
8564
8564
8564
216
513
8564
8564
8564
8564
8564
8564
824
8564
8564
8564
670
8564
513
8564
8564
8564
8564
8564
216
8564
8564
8564
8564
513
670
8564
8564
8564
8564
216
8564
8564
8564
198
8564
8564
204
8564
198
472
8564
216
8564
8564
8564
8564
8564
8564
824
8564
8564
8564
8564
8564
8564
234
8564
204
8564
1011
8564
8564
8564
8564
201
204
8564
8564
8564
8564
8564
8564
8564
8564
8564
8564
8564
8564
824
8564
8564
8564
216
8564
198
8564
204
8564
8564
670
8564
8564
234
8564
8564
8564
204
8564
8564
8564
8564
833
8564
1156
1303
198
424
8564
8564
8564
8564
204
8564
8564
8564
1011
513
564
431
670
670
8564
8564
1156
1191
8564
8564
8564
8564
8564
8564
204
8564
8564
8564
8564
8564
8564
8564
8564
533
8564
8564
8564
8564
8564
8564
216
8564
8564
8564
8564
8564
8564
824
198
8564
8564
204
8564
412
8564
8564
204
8564
8564
8564
513
8564
824
8564
8564
8564
8564
8564
8564
8564
216
8564
8564
8564
8564
8564
8564
8564
8564
8564
8564
8564
670
8564
8564
234
8564
204
513
670
8564
8564
8564
533
8564
1156
1191
204
647
257
8564
8564
8564
8564
8564
8564
8564
824
8564
824
8564
8564
216
8564
8564
513
8564
8564
8564
8564
8564
8564
824
8564
412
8564
204
8564
824
8564
216
513
8564
8564
513
8564
8564
8564
216
513
8564
8564
670
8564
8564
8564
216
8564
216
8564
513
8564
8564
8564
8564
8564
824
8564
670
8564
670
8564
8564
8564
8564
216
8564
8564
8564
8564
8564
8564
824
8564
8564
8564
216
513
8564
8564
824
8564
8564
513
8564
8564
8564
8564
216
8564
513
8564
8564
8564
8564
409
8564
8564
216
8564
198
8564
204
8564
8564
513
8564
824
8564
8564
8564
8564
8564
216
8564
8564
8564
8564
824
8564
8564
8564
216
8564
8564
8564
425
204
8564
8564
8564
8564
8564
8564
824
8564
513
8564
8564
8564
8564
8564
234
8564
8564
8564
204
8564
8564
8564
670
394
8564
8564
204
8564
765
547
513
670
8564
8564
8564
824
8564
8564
8564
216
8564
8564
765
8564
8564
670
8564
8564
8564
8564
8564
8564
216
8564
8564
8564
8564
824
8564
8564
670
8564
8564
8564
8564
216
513
8564
8564
8564
216
8564
513
8564
198
204
8564
8564
513
8564
824
8564
8564
8564
8564
8564
216
8564
412
8564
204
198
8564
8564
204
8564
8564
216
8564
8564
8564
513
8564
824
8564
8564
8564
8564
8564
216
513
670
8564
8564
8564
8564
8564
216
8564
8564
513
8564
670
8564
8564
1156
1191
204
8564
8564
8564
8564
216
8564
8564
8564
1011
513
564
513
670
8564
8564
670
8564
8564
1156
1191
8564
8564
8564
204
8564
198
580
8564
765
885
885
773
756
756
8564
424
8564
8564
8564
8564
8564
216
513
513
8564
8564
8564
8564
8564
216
513
879
773
756
198
756
8564
424
513
8564
8564
8564
8564
8564
216
8564
8564
8564
8564
8564
8564
8564
8564
8564
8564
204
8564
8564
8564
8564
8564
8564
8564
824
8564
8564
216
513
8564
8564
8564
8564
8564
824
198
8564
8564
204
8564
824
8564
8564
8564
216
513
8564
8564
8564
8564
8564
824
8564
216
1347
8564
8564
8564
216
8564
8564
234
8564
8564
204
513
8564
8564
8564
216
513
8564
8564
8564
824
8564
216
513
513
879
773
756
198
756
8564
8564
424
8564
8564
8564
8564
216
513
8564
8564
8564
216
198
204
8564
8564
234
8564
8564
8564
8564
204
8564
533
8564
513
513
198
8564
204
8564
8564
234
8564
8564
8564
8564
204
8564
8564
8564
234
8564
204
513
8564
216
8564
8564
824
8564
216
8564
8564
824
8564
8564
8564
513
8564
8564
234
8564
8564
204
8564
8564
8564
8564
216
533
8564
8564
513
8564
216
8564
198
8564
8564
204
8564
8564
8564
234
8564
8564
8564
8564
204
8564
8564
8564
513
234
8564
204
8564
8564
513
8564
8564
513
513
8564
8564
513
8564
8564
8564
216
513
8564
216
8564
8564
8564
8564
216
8564
8564
8564
8564
513
8564
8564
8564
216
8564
8564
8564
8564
513
513
8564
8564
513
8564
8564
8564
216
8564
824
513
8564
8564
8564
8564
216
8564
1345
1345
8564
1345
1345
4783
293
8564
8564
756
204
8564
513
670
8564
8564
8564
8564
216
8564
8564
4972
824
8564
5012
824
670
8564
8564
625
625
626
695
675
1156
513
8564
8564
675
1156
513
8564
8564
513
8564
8564
513
8564
8564
257
8564
1345
8564
8564
8564
1345
1345
4783
293
8564
8564
756
204
8564
513
670
8564
8564
8564
8564
257
8564
4846
257
8564
1345
1345
8564
4783
198
204
8564
4972
824
8564
5012
8564
201
8564
204
8564
257
824
198
8564
204
8564
4972
824
8564
5012
670
513
8564
8564
8564
8564
513
8564
8564
513
8564
8564
8564
216
8564
1345
1345
1345
1345
1345
8564
1345
1345
1345
1345
1345
1345
1345
1345
1345
1345
8564
1345
1345
1345
1345
1345
1345
1345
8564
8564
1345
1345
1345
1345
1345
3722
8564
8564
8564
8564
1345
1345
4783
824
198
204
8564
198
8564
8564
8564
8564
198
8564
204
634
547
198
8564
8564
204
8564
8564
198
204
8564
8564
8564
8564
8564
765
885
885
773
756
198
756
513
8564
8564
8564
424
8564
810
513
8564
8564
824
513
8564
8564
8564
765
496
204
513
8564
513
8564
8564
8564
8564
8564
216
8564
8564
8564
8564
8564
564
670
564
670
513
8564
8564
198
513
8564
513
8564
8564
8564
216
8564
8564
8564
8564
8564
8564
204
513
8564
8564
198
8564
8564
204
8564
8564
234
8564
8564
204
8564
8564
8564
8564
513
670
8564
8564
216
8564
8564
8564
8564
8564
513
8564
513
670
8564
412
8564
8564
8564
204
513
8564
8564
8564
8564
8564
216
8564
8564
8564
8564
760
204
8564
8564
8564
8564
8564
8564
765
496
204
513
8564
8564
8564
216
8564
8564
8564
8564
8564
513
8564
8564
8564
8564
564
670
513
8564
513
8564
8564
8564
8564
8564
216
8564
8564
8564
8564
8564
8564
670
513
513
8564
8564
8564
8564
8564
8564
8564
8564
670
8564
8564
412
513
670
8564
8564
8564
8564
8564
8564
8564
8564
204
8564
8564
8564
8564
8564
8564
8564
198
8564
8564
8564
204
513
8564
8564
198
8564
8564
8564
204
8564
8564
234
8564
8564
8564
204
670
8564
8564
8564
8564
8564
513
8564
8564
8564
8564
8564
670
513
670
8564
8564
8564
8564
8564
8564
216
8564
198
204
8564
8564
8564
513
8564
8564
8564
513
8564
8564
8564
8564
756
204
8564
824
8564
8564
8564
8564
8564
8564
8564
8564
8564
756
8564
8564
204
513
8564
8564
198
204
824
198
204
8564
8564
8564
8564
8564
8564
8564
216
8564
8564
8564
8564
8564
8564
8564
216
8564
8564
198
8564
8564
513
8564
8564
234
8564
424
8564
8564
204
8564
513
8564
8564
513
8564
8564
8564
513
8564
8564
198
8564
204
8564
8564
8564
216
8564
257
513
8564
8564
234
8564
8564
204
8564
513
8564
8564
8564
513
8564
8564
8564
513
8564
8564
8564
8564
8564
216
8564
8564
257
8564
8564
8564
216
8564
8564
513
8564
8564
8564
824
8564
8564
8564
8564
8564
8564
8564
8564
8564
756
8564
8564
8564
8564
204
198
8564
8564
8564
204
8564
8564
513
8564
8564
8564
198
8564
8564
8564
8564
8564
204
8564
8564
8564
8564
8564
216
8564
8564
198
8564
204
8564
8564
8564
216
824
198
204
8564
8564
216
8564
8564
513
8564
8564
8564
8564
513
8564
8564
198
204
8564
8564
513
8564
8564
8564
8564
8564
8564
8564
216
8564
8564
8564
216
513
8564
8564
8564
8564
8564
216
8564
1345
8564
1345
1345
1345
8564
1345
1345
1345
1345
1345
1345
1345
1345
1345
3722
1345
1345
1345
1345
1345
1345
1345
1345
1345
8564
1345
1345
1345
1345
1345
8564
8564
8564
8564
1345
1345
4783
8564
513
8564
8564
8564
8564
824
198
204
8564
8564
756
204
8564
8564
198
8564
204
547
198
204
8564
564
8564
8564
8564
8564
8564
216
8564
8564
8564
513
8564
8564
8564
8564
8564
198
8564
204
8564
8564
8564
216
8564
257
8564
8564
198
8564
8564
599
8564
204
513
8564
8564
8564
8564
216
8564
513
8564
8564
8564
8564
8564
198
757
8564
8564
8564
216
198
204
8564
8564
8564
8564
8564
216
409
513
8564
760
204
8564
8564
756
8564
204
4783
670
8564
8564
513
8564
8564
8564
8564
234
293
8564
234
8564
204
700
8564
8564
204
756
771
8564
424
8564
204
8564
8564
198
8564
8564
8564
216
8564
8564
8564
251
765
885
885
773
756
756
8564
8564
8564
8564
8564
8564
8564
204
8564
8564
8564
8564
8564
234
8564
513
8564
8564
8564
204
8564
8564
700
204
513
8564
216
8564
394
424
8564
8564
8564
204
771
8564
8564
204
234
8564
8564
8564
204
8564
234
8564
8564
204
8564
513
412
8564
8564
8564
8564
204
8564
8564
8564
234
8564
204
513
8564
8564
8564
216
824
4783
8564
216
8564
771
204
513
8564
8564
8564
8564
216
513
8564
513
8564
513
8564
513
8564
513
8564
513
8564
513
8564
513
8564
513
8564
513
8564
513
8564
8564
8564
8564
216
8564
8564
771
8564
8564
8564
204
8564
8564
8564
513
8564
8564
234
8564
8564
8564
204
251
8564
204
513
8564
8564
234
204
8564
216
8564
8564
234
8564
204
8564
8564
8564
700
8564
204
8564
8564
198
204
8564
8564
824
8564
8564
824
8564
8564
8564
216
8564
8564
513
8564
8564
496
8564
8564
204
513
8564
8564
513
8564
8564
8564
8564
8564
216
8564
8564
8564
513
8564
8564
8564
8564
8564
513
8564
8564
198
204
513
8564
8564
8564
8564
216
513
8564
8564
8564
8564
8564
8564
216
8564
8564
564
8564
8564
8564
8564
216
8564
513
8564
8564
647
8564
8564
564
513
670
8564
8564
724
234
8564
204
8564
216
8564
8564
513
8564
8564
647
8564
8564
8564
564
513
670
8564
8564
724
234
8564
204
8564
513
8564
8564
8564
216
8564
513
8564
8564
8564
216
8564
8564
8564
756
204
8564
8564
8564
198
8564
204
8564
8564
824
8564
8564
216
8564
513
8564
8564
647
8564
8564
564
513
670
8564
8564
724
234
8564
8564
8564
204
8564
513
8564
8564
8564
8564
198
8564
8564
204
513
8564
8564
8564
8564
513
8564
8564
8564
216
8564
513
8564
8564
647
8564
8564
564
513
670
8564
8564
724
234
8564
8564
204
8564
8564
216
513
8564
8564
8564
8564
8564
824
8564
8564
216
8564
1345
8564
4783
824
257
8564
8564
257
8564
1345
8564
1345
1345
1345
1345
1345
1345
1345
1345
1345
1345
1345
1345
1345
1345
1345
1345
1345
1345
1345
1345
1345
8564
8564
1345
8564
8564
8564
1345
1345
4783
8564
513
8564
8564
8564
8564
824
198
204
8564
8564
198
204
8564
8564
198
204
547
198
204
4783
216
879
8564
8564
8564
8564
8564
8564
216
8564
8564
8564
513
8564
8564
198
8564
8564
8564
424
8564
8564
8564
8564
204
8564
8564
513
8564
8564
824
198
8564
204
8564
8564
8564
216
8564
257
8564
8564
4783
8564
216
8564
198
879
8564
8564
8564
8564
8564
204
580
8564
8564
8564
8564
204
8564
8564
513
8564
8564
513
8564
8564
412
513
8564
8564
8564
204
513
8564
8564
412
8564
8564
204
513
8564
8564
513
8564
8564
513
8564
8564
8564
8564
8564
216
8564
8564
8564
216
198
8564
198
424
204
513
8564
760
204
8564
8564
4783
756
204
670
513
198
771
8564
424
8564
8564
204
513
8564
8564
8564
8564
8564
8564
8564
216
8564
198
513
771
8564
424
8564
8564
8564
8564
8564
204
8564
8564
8564
8564
234
8564
8564
204
8564
8564
8564
700
204
513
8564
216
4783
8564
8564
216
824
8564
216
198
8564
8564
8564
8564
204
8564
8564
8564
513
8564
8564
8564
513
8564
8564
513
8564
8564
513
8564
8564
234
8564
8564
204
198
8564
8564
204
824
198
8564
8564
204
8564
8564
8564
216
8564
8564
8564
8564
8564
8564
216
8564
771
8564
8564
8564
8564
204
8564
513
8564
8564
8564
8564
8564
8564
216
513
412
8564
8564
8564
8564
8564
204
8564
8564
8564
234
8564
204
8564
8564
8564
700
204
513
771
8564
8564
8564
8564
204
824
8564
8564
198
204
879
8564
670
8564
8564
756
204
8564
8564
756
204
4783
756
8564
8564
8564
204
8564
8564
8564
513
8564
8564
647
564
513
670
8564
8564
724
234
204
8564
513
8564
8564
647
8564
8564
564
513
670
8564
8564
724
234
8564
204
8564
8564
4783
879
198
8564
8564
8564
8564
204
513
8564
8564
8564
8564
8564
198
580
513
8564
8564
8564
8564
8564
216
8564
8564
8564
8564
8564
216
8564
8564
8564
8564
756
8564
8564
204
198
204
4783
8564
8564
8564
216
8564
8564
8564
216
8564
4783
425
198
8564
424
8564
8564
8564
204
8564
513
8564
8564
8564
8564
8564
234
8564
8564
8564
216
198
8564
8564
204
8564
198
8564
8564
8564
8564
8564
8564
204
8564
824
257
8564
8564
824
257
8564
1345
1345
1345
1345
1345
1345
1345
1345
1345
1345
1345
1345
1345
1345
1345
1345
1345
1345
1345
1345
1345
1345
8564
8564
8564
1345
4783
513
8564
8564
8564
8564
198
8564
204
8564
8564
234
8564
204
513
8564
8564
8564
8564
198
8564
204
953
756
8564
8564
8564
204
8564
547
824
4972
513
8564
513
8564
513
8564
513
8564
513
8564
198
8564
513
8564
513
8564
513
8564
513
8564
513
8564
513
8564
513
8564
513
8564
513
8564
8564
8564
216
8564
425
8564
8564
204
8564
8564
234
8564
8564
8564
204
8564
8564
216
8564
8564
756
204
8564
8564
8564
412
8564
204
8564
564
670
8564
8564
8564
8564
8564
8564
204
8564
496
204
8564
756
8564
472
670
8564
425
8564
8564
8564
204
8564
198
204
204
8564
198
204
8564
8564
8564
8564
8564
700
204
8564
8564
756
8564
472
670
8564
8564
216
8564
8564
216
8564
756
204
8564
765
756
8564
204
8564
8564
8564
8564
8564
216
8564
198
8564
204
8564
8564
8564
8564
8564
700
8564
8564
204
8564
8564
513
394
8564
8564
8564
204
8564
8564
8564
513
8564
8564
8564
8564
216
8564
8564
8564
204
8564
8564
8564
8564
8564
198
8564
8564
204
8564
8564
8564
8564
216
8564
513
8564
8564
8564
8564
8564
8564
216
8564
257
8564
8564
8564
8564
8564
198
8564
204
8564
513
8564
394
8564
8564
8564
204
8564
513
8564
8564
216
8564
8564
8564
8564
8564
198
8564
8564
204
8564
765
756
204
670
8564
8564
8564
8564
216
8564
198
8564
204
8564
8564
8564
8564
700
8564
204
8564
198
8564
204
8564
8564
8564
204
8564
8564
8564
8564
8564
198
8564
204
8564
198
8564
8564
204
8564
513
513
8564
8564
8564
216
8564
513
8564
8564
216
8564
8564
8564
8564
8564
198
8564
8564
8564
8564
204
8564
8564
8564
8564
8564
198
8564
204
513
8564
8564
8564
8564
8564
8564
216
8564
1345
1345
1345
1345
1345
1345
1345
8564
4783
8564
4972
513
670
513
8564
8564
234
204
824
8564
234
8564
8564
8564
204
8564
8564
670
8564
5012
670
8564
8564
234
204
8564
670
8564
8564
513
8564
8564
216
824
412
8564
204
824
8564
216
8564
257
8564
234
8564
8564
8564
204
8564
8564
513
8564
8564
8564
216
756
8564
204
513
8564
8564
234
8564
8564
204
513
8564
8564
216
513
670
8564
8564
234
8564
8564
8564
204
8564
8564
879
198
8564
204
198
8564
204
8564
824
257
8564
824
257
8564
1345
1345
8564
4783
824
824
824
198
8564
204
824
8564
216
8564
824
257
8564
1345
1345
1345
1345
1345
1345
8564
8564
4783
8564
4972
824
513
8564
8564
8564
234
8564
8564
8564
8564
204
513
198
8564
8564
8564
204
8564
8564
8564
234
8564
8564
8564
513
204
8564
8564
513
8564
8564
513
513
8564
8564
513
198
8564
8564
8564
8564
204
8564
8564
8564
8564
234
8564
8564
8564
8564
204
8564
8564
8564
513
8564
8564
257
8564
8564
257
8564
1345
8564
4783
513
513
8564
8564
8564
513
8564
8564
8564
513
8564
8564
257
8564
8564
257
8564
1345
8564
4783
8564
3776
8564
257
8564
1345
8564
4783
513
8564
8564
198
204
257
824
8564
8564
204
8564
513
8564
8564
8564
4972
824
8564
5012
8564
8564
216
231
8564
257
8564
1345
1345
8564
4783
8564
756
8564
204
8564
198
8564
204
8564
8564
216
8564
257
8564
1345
1345
8564
1345
8564
1345
8564
1345
1345
1345
1345
1345
1345
1345
1345
1345
8564
1345
1345
4783
8564
8564
8564
8564
8564
8564
198
8564
204
8564
8564
4972
756
8564
204
394
8564
204
756
8564
204
8564
513
8564
513
8564
513
8564
513
8564
513
8564
513
8564
513
8564
513
8564
513
8564
513
8564
513
8564
513
8564
513
8564
8564
8564
8564
216
1011
8564
8564
8564
513
8564
8564
8564
8564
216
8564
8564
8564
198
8564
8564
8564
8564
204
8564
8564
670
8564
496
8564
204
8564
8564
8564
8564
8564
8564
8564
8564
216
8564
8564
8564
8564
670
198
204
8564
8564
4637
8564
204
8564
8564
8564
765
8564
8564
8564
8564
8564
8564
631
204
198
8564
8564
8564
204
8564
8564
216
8564
257
8564
425
204
425
547
198
424
8564
8564
8564
204
8564
8564
8564
8564
198
8564
810
8564
8564
8564
216
8564
8564
513
8564
8564
8564
8564
8564
216
198
204
756
513
630
424
8564
8564
8564
204
198
198
424
204
513
756
8564
204
513
670
8564
8564
4637
8564
8564
204
513
8564
513
8564
8564
513
8564
513
8564
513
8564
513
8564
513
8564
513
8564
8564
8564
216
8564
8564
724
234
8564
8564
204
8564
234
8564
8564
204
8564
8564
198
8564
204
8564
8564
8564
765
8564
670
8564
8564
8564
8564
8564
8564
513
630
8564
204
8564
425
204
425
547
198
424
8564
204
8564
8564
198
756
8564
8564
8564
8564
204
198
8564
204
513
670
8564
8564
4637
8564
8564
8564
204
198
8564
204
670
8564
8564
234
8564
8564
204
513
8564
8564
216
513
670
8564
8564
234
8564
8564
8564
204
8564
8564
724
234
8564
8564
8564
204
198
8564
8564
204
198
204
756
513
630
424
8564
204
8564
8564
234
204
513
8564
8564
234
204
513
8564
8564
234
204
4972
216
8564
1345
1345
1345
8564
8564
4783
8564
4972
513
8564
8564
8564
8564
198
198
424
204
8564
4637
204
8564
8564
216
8564
8564
216
8564
257
824
771
810
198
204
8564
8564
198
204
198
8564
8564
204
8564
8564
513
8564
8564
481
8564
8564
513
8564
8564
481
8564
198
8564
204
198
8564
8564
8564
204
8564
1345
1345
1345
8564
4783
824
756
8564
204
824
412
8564
756
424
8564
204
670
670
8564
8564
8564
8564
700
8564
204
8564
257
756
8564
204
513
8564
8564
513
8564
8564
700
8564
8564
8564
204
670
8564
8564
670
8564
8564
700
8564
8564
8564
204
8564
513
412
8564
8564
204
8564
1345
1345
1345
1345
1345
1345
1345
1345
8564
1345
4783
8564
4972
425
8564
394
424
8564
204
8564
198
204
513
8564
8564
8564
8564
216
513
8564
513
8564
198
513
8564
513
8564
513
8564
513
8564
8564
513
8564
513
8564
8564
216
8564
8564
670
8564
8564
198
204
8564
8564
4637
8564
204
8564
670
8564
216
8564
8564
394
8564
8564
8564
204
8564
8564
765
8564
216
8564
257
8564
765
204
8564
8564
8564
8564
8564
631
8564
204
8564
198
8564
8564
204
513
8564
216
513
8564
8564
8564
216
8564
8564
8564
8564
631
8564
204
8564
1345
1345
765
394
8564
204
756
8564
204
670
8564
8564
8564
8564
700
8564
8564
204
670
8564
8564
670
8564
8564
700
8564
8564
8564
204
8564
513
412
8564
8564
204
8564
257
8564
1345
3722
1345
8564
1345
1345
4783
513
8564
8564
8564
8564
198
8564
204
513
8564
8564
8564
8564
198
8564
670
204
8564
4972
513
496
204
8564
8564
216
394
8564
8564
204
4972
8564
216
8564
765
8564
8564
8564
513
630
8564
204
8564
257
8564
8564
4637
204
1011
257
8564
8564
1011
257
670
8564
8564
1011
257
8564
1345
1345
1345
1345
1345
1345
8564
1345
1345
1345
1345
1345
1345
1345
8564
1345
1345
4783
8564
756
810
756
8564
204
824
513
670
412
204
8564
496
8564
204
8564
513
8564
513
8564
513
8564
513
8564
513
8564
513
8564
513
8564
513
8564
513
8564
513
8564
8564
8564
216
1011
8564
8564
8564
8564
513
8564
8564
8564
216
8564
8564
670
198
8564
8564
204
8564
513
198
8564
8564
8564
204
8564
8564
8564
216
8564
8564
670
8564
8564
198
8564
204
8564
8564
8564
198
204
8564
8564
4637
8564
204
8564
8564
8564
8564
8564
8564
8564
631
204
198
8564
8564
8564
204
8564
8564
8564
8564
8564
216
8564
8564
8564
198
8564
8564
204
8564
257
513
198
8564
8564
204
8564
513
8564
8564
8564
8564
216
8564
425
204
425
547
198
424
8564
204
8564
8564
198
8564
8564
204
8564
513
8564
8564
513
8564
8564
8564
216
198
204
756
513
630
424
8564
204
8564
513
8564
8564
670
513
8564
8564
8564
513
8564
8564
513
8564
8564
513
8564
8564
513
513
8564
8564
8564
8564
513
630
8564
204
8564
8564
8564
216
425
547
198
424
8564
204
8564
8564
198
8564
8564
204
670
8564
670
8564
8564
8564
8564
8564
8564
8564
8564
513
630
8564
8564
8564
204
8564
8564
8564
756
204
198
204
756
513
630
424
8564
204
513
8564
216
8564
1345
8564
4783
824
257
8564
1345
1345
1345
3722
8564
8564
8564
4783
198
204
8564
8564
234
204
4972
670
8564
4972
824
198
8564
8564
8564
204
8564
5012
8564
8564
8564
216
670
8564
4972
824
8564
8564
8564
216
8564
8564
8564
670
8564
5012
257
8564
1345
1345
1345
1345
1345
8564
8564
1345
4783
198
8564
204
8564
8564
234
8564
204
513
8564
8564
1347
4972
824
8564
8564
8564
1347
513
8564
8564
216
8564
8564
670
8564
8564
513
670
8564
8564
8564
8564
8564
8564
1347
8564
670
8564
8564
8564
8564
8564
8564
8564
198
204
824
824
824
257
824
198
204
824
257
4972
824
8564
5012
8564
8564
216
8564
257
8564
8564
8564
204
824
8564
216
8564
8564
513
8564
8564
513
8564
8564
824
231
8564
257
8564
8564
8564
8564
8564
198
204
824
824
198
8564
8564
204
4972
824
8564
5012
8564
8564
216
824
216
8564
1345
1345
1345
1345
1345
1345
1345
1345
1345
1345
1345
1345
1345
1345
8564
1345
4783
8564
8564
8564
4972
824
513
8564
513
8564
513
8564
513
8564
513
8564
513
8564
513
8564
513
8564
513
8564
513
8564
513
8564
513
8564
513
8564
513
8564
216
8564
8564
8564
8564
8564
8564
8564
1347
8564
8564
8564
8564
8564
198
756
424
204
8564
8564
8564
216
8564
8564
8564
8564
8564
216
8564
8564
216
8564
198
204
8564
8564
670
8564
8564
8564
8564
216
513
8564
8564
198
8564
8564
204
8564
8564
8564
8564
8564
8564
8564
8564
8564
198
8564
204
8564
513
670
8564
8564
8564
216
8564
8564
8564
670
8564
8564
496
204
8564
8564
8564
8564
8564
670
8564
8564
8564
8564
670
8564
8564
8564
8564
8564
8564
8564
756
204
8564
8564
234
204
8564
8564
8564
216
8564
8564
8564
198
8564
204
8564
8564
198
8564
8564
8564
204
513
8564
8564
198
8564
8564
204
8564
8564
8564
8564
8564
8564
8564
8564
198
8564
204
8564
8564
216
8564
8564
653
198
8564
204
8564
513
8564
824
8564
8564
8564
8564
8564
670
8564
8564
8564
670
8564
824
198
8564
204
8564
824
8564
216
8564
8564
8564
8564
670
8564
8564
496
204
8564
8564
8564
670
8564
8564
8564
824
216
8564
8564
216
8564
513
8564
8564
412
8564
204
513
8564
8564
234
8564
8564
8564
204
8564
653
198
8564
8564
204
8564
8564
670
8564
8564
257
8564
513
8564
8564
412
8564
204
8564
8564
8564
216
8564
8564
8564
216
8564
8564
513
670
8564
513
8564
8564
8564
824
8564
216
8564
513
670
8564
513
8564
8564
8564
824
8564
216
8564
8564
216
8564
1345
8564
1345
1345
1345
1345
8564
8564
4783
513
8564
8564
564
670
8564
8564
198
8564
204
198
513
8564
8564
204
198
8564
8564
204
513
472
8564
8564
8564
216
8564
198
8564
204
8564
8564
8564
8564
8564
8564
700
670
670
431
8564
8564
8564
8564
204
8564
257
8564
8564
234
8564
612
547
653
257
8564
1345
8564
4783
513
8564
8564
8564
8564
8564
8564
8564
513
8564
8564
8564
8564
257
8564
1345
1345
8564
4783
824
675
234
8564
204
824
824
824
8564
216
8564
257
8564
1345
8564
1345
8564
8564
1345
1345
8564
1345
1345
8564
8564
4783
513
8564
8564
8564
8564
198
204
513
472
8564
8564
216
513
8564
8564
198
8564
204
8564
8564
8564
198
8564
204
513
8564
8564
8564
8564
234
8564
204
8564
4817
700
8564
8564
8564
8564
8564
8564
204
8564
8564
198
8564
8564
204
8564
8564
670
670
8564
8564
8564
8564
4817
700
431
8564
8564
8564
8564
8564
8564
204
8564
8564
424
8564
8564
8564
204
513
8564
216
513
8564
8564
513
8564
216
8564
513
8564
8564
198
204
824
675
234
8564
204
824
824
824
481
824
824
216
481
8564
1345
8564
1345
1345
1345
1345
1345
1345
8564
1345
1345
1345
1345
1345
8564
8564
8564
8564
1345
8564
1345
1345
4783
513
8564
8564
8564
8564
198
8564
204
8564
4972
824
8564
5012
8564
8564
216
8564
8564
8564
8564
8564
198
8564
204
547
198
8564
204
8564
8564
431
4774
1351
513
8564
8564
8564
8564
216
513
8564
8564
513
8564
8564
198
8564
8564
204
8564
8564
670
513
8564
8564
513
8564
8564
8564
513
8564
8564
198
8564
8564
204
8564
8564
824
675
234
513
8564
8564
8564
204
513
8564
216
8564
8564
824
8564
824
8564
824
481
8564
8564
8564
513
8564
8564
8564
513
8564
8564
8564
8564
198
204
513
8564
513
8564
8564
216
8564
8564
8564
251
204
8564
765
513
8564
8564
8564
8564
670
8564
8564
198
204
513
8564
8564
198
8564
8564
204
513
8564
8564
8564
8564
216
513
513
8564
8564
8564
8564
513
8564
8564
198
8564
8564
8564
204
481
8564
824
513
8564
824
8564
216
8564
8564
198
513
8564
8564
8564
204
513
8564
8564
513
472
8564
8564
8564
216
8564
198
204
8564
8564
8564
8564
8564
8564
700
670
670
431
8564
8564
8564
204
547
8564
216
513
8564
8564
198
8564
8564
204
8564
8564
216
8564
198
8564
204
8564
198
204
824
675
234
204
513
8564
8564
8564
8564
216
8564
8564
204
547
198
204
824
675
234
204
513
8564
8564
8564
8564
216
824
675
234
204
513
8564
8564
8564
8564
216
513
8564
8564
8564
8564
216
547
198
204
824
675
234
204
513
8564
8564
8564
8564
216
8564
198
204
824
675
234
204
513
8564
8564
8564
8564
216
630
204
824
675
234
204
513
8564
8564
8564
8564
216
513
8564
8564
8564
8564
216
513
8564
8564
8564
8564
216
824
675
234
204
513
8564
8564
8564
8564
216
513
8564
8564
8564
8564
216
513
8564
8564
8564
8564
216
513
8564
8564
8564
8564
216
8564
1345
8564
4783
513
8564
8564
513
8564
8564
198
824
204
257
824
824
257
8564
1345
1345
8564
1345
1345
1345
8564
1345
1345
1345
1345
1345
1345
1345
8564
1345
1345
1345
8564
1345
1345
8564
1345
1345
1345
8564
1345
8564
1345
1345
8564
1345
8564
1345
1345
8564
8564
8564
8564
4783
675
8564
8564
234
8564
8564
216
8564
8564
8564
8564
8564
765
8564
8564
8564
8564
8564
216
8564
8564
8564
8564
8564
8564
8564
670
234
8564
8564
8564
8564
8564
8564
8564
204
647
8564
8564
8564
8564
8564
8564
8564
216
8564
8564
8564
8564
8564
8564
8564
8564
204
198
204
198
8564
8564
8564
8564
8564
8564
8564
204
513
8564
8564
1156
1191
204
513
513
8564
8564
8564
513
765
8564
8564
647
234
8564
8564
8564
8564
8564
8564
8564
8564
8564
8564
8564
8564
8564
8564
8564
204
8564
8564
8564
8564
8564
8564
8564
8564
8564
8564
8564
8564
204
8564
858
8564
8564
8564
8564
216
513
8564
8564
1191
204
647
257
8564
8564
513
8564
216
8564
513
513
8564
8564
8564
8564
8564
216
8564
8564
8564
8564
8564
8564
8564
8564
8564
257
234
8564
8564
8564
8564
204
8564
8564
8564
8564
8564
8564
513
513
675
8564
8564
8564
8564
8564
8564
8564
216
675
681
234
8564
8564
8564
8564
8564
8564
8564
8564
8564
8564
8564
8564
204
8564
8564
8564
216
8564
1345
8564
1345
1345
1345
1345
1345
1345
1345
1345
1345
8564
8564
1345
1345
1345
1345
8564
1345
4783
824
198
204
8564
8564
234
8564
204
513
8564
8564
8564
8564
8564
216
8564
257
8564
4972
824
8564
5012
8564
513
8564
8564
513
8564
8564
513
8564
513
8564
513
8564
513
8564
513
8564
513
513
8564
513
8564
513
8564
513
513
8564
8564
8564
513
8564
513
8564
8564
216
8564
8564
8564
8564
216
8564
8564
8564
234
8564
8564
204
8564
8564
8564
1347
513
8564
8564
8564
8564
8564
8564
234
204
513
8564
8564
8564
513
8564
8564
8564
234
204
647
8564
8564
8564
216
8564
8564
8564
216
8564
513
8564
824
8564
8564
8564
8564
198
8564
204
8564
513
8564
8564
8564
8564
198
8564
8564
204
513
8564
8564
8564
8564
8564
8564
216
513
8564
8564
8564
234
8564
8564
8564
204
8564
824
8564
8564
513
8564
8564
513
8564
8564
8564
513
8564
8564
8564
8564
8564
8564
675
234
8564
204
8564
513
8564
8564
8564
234
204
8564
198
8564
8564
204
8564
8564
513
8564
824
8564
216
8564
513
564
670
8564
8564
198
8564
8564
8564
204
8564
8564
8564
675
8564
8564
700
8564
8564
204
8564
8564
8564
8564
198
8564
647
8564
8564
204
8564
8564
564
253
670
8564
8564
8564
670
8564
8564
675
234
8564
204
8564
8564
824
8564
198
204
8564
8564
8564
8564
8564
8564
8564
8564
1347
513
8564
216
8564
198
8564
204
8564
8564
513
681
234
8564
8564
8564
8564
8564
8564
204
8564
8564
234
8564
204
8564
234
8564
8564
204
8564
8564
216
8564
513
8564
8564
513
8564
8564
675
234
8564
204
8564
198
8564
8564
204
8564
1345
8564
4783
8564
760
204
8564
257
824
232
8564
1345
8564
8564
4783
198
204
8564
8564
8564
216
8564
760
204
8564
257
8564
8564
216
824
232
8564
1345
1345
8564
4783
198
8564
204
8564
3634
8564
216
8564
257
8564
1345
8564
4783
824
257
8564
1345
8564
4783
824
257
8564
1345
8564
4783
824
257
8564
1345
8564
4783
824
257
8564
1345
8564
4783
824
257
8564
1345
8564
4783
824
257
8564
1345
8564
4783
824
257
8564
1345
8564
4783
824
257
8564
8564
257
8564
1345
8564
4783
824
257
8564
8564
257
8564
1345
8564
4783
824
257
8564
1345
1345
8564
8564
4783
513
8564
216
8564
513
8564
8564
198
8564
204
257
8564
1345
8564
4783
824
257
